-2.0000e+02 -2.0000e+02 1.0035e+02
-2.0000e+02 -1.9000e+02 1.0017e+02
-2.0000e+02 -1.8000e+02 1.0038e+02
-2.0000e+02 -1.7000e+02 1.0032e+02
-2.0000e+02 -1.6000e+02 1.0042e+02
-2.0000e+02 -1.5000e+02 1.0040e+02
-2.0000e+02 -1.4000e+02 1.0016e+02
-2.0000e+02 -1.3000e+02 1.0036e+02
-2.0000e+02 -1.2000e+02 1.0012e+02
-2.0000e+02 -1.1000e+02 1.0040e+02
-2.0000e+02 -1.0000e+02 1.0013e+02
-2.0000e+02 -9.0000e+01 1.0002e+02
-2.0000e+02 -8.0000e+01 1.0020e+02
-2.0000e+02 -7.0000e+01 1.0008e+02
-2.0000e+02 -6.0000e+01 1.0026e+02
-2.0000e+02 -5.0000e+01 1.0002e+02
-2.0000e+02 -4.0000e+01 1.0025e+02
-2.0000e+02 -3.0000e+01 1.0011e+02
-2.0000e+02 -2.0000e+01 1.0040e+02
-2.0000e+02 -1.0000e+01 1.0015e+02
-2.0000e+02 0.0000e+00 1.0019e+02
-2.0000e+02 1.0000e+01 1.0038e+02
-2.0000e+02 2.0000e+01 1.0040e+02
-2.0000e+02 3.0000e+01 1.0006e+02
-2.0000e+02 4.0000e+01 1.0047e+02
-2.0000e+02 5.0000e+01 1.0013e+02
-2.0000e+02 6.0000e+01 1.0038e+02
-2.0000e+02 7.0000e+01 1.0003e+02
-2.0000e+02 8.0000e+01 1.0031e+02
-2.0000e+02 9.0000e+01 1.0016e+02
-2.0000e+02 1.0000e+02 1.0030e+02
-2.0000e+02 1.1000e+02 1.0003e+02
-2.0000e+02 1.2000e+02 1.0011e+02
-2.0000e+02 1.3000e+02 1.0011e+02
-2.0000e+02 1.4000e+02 1.0005e+02
-2.0000e+02 1.5000e+02 1.0045e+02
-2.0000e+02 1.6000e+02 1.0004e+02
-2.0000e+02 1.7000e+02 1.0033e+02
-2.0000e+02 1.8000e+02 1.0034e+02
-2.0000e+02 1.9000e+02 1.0025e+02
-2.0000e+02 2.0000e+02 1.0029e+02
-1.9000e+02 -2.0000e+02 1.0011e+02
-1.9000e+02 -1.9000e+02 1.0017e+02
-1.9000e+02 -1.8000e+02 1.0012e+02
-1.9000e+02 -1.7000e+02 1.0001e+02
-1.9000e+02 -1.6000e+02 1.0022e+02
-1.9000e+02 -1.5000e+02 1.0022e+02
-1.9000e+02 -1.4000e+02 1.0012e+02
-1.9000e+02 -1.3000e+02 1.0033e+02
-1.9000e+02 -1.2000e+02 1.0019e+02
-1.9000e+02 -1.1000e+02 1.0041e+02
-1.9000e+02 -1.0000e+02 1.0026e+02
-1.9000e+02 -9.0000e+01 9.9990e+01
-1.9000e+02 -8.0000e+01 1.0020e+02
-1.9000e+02 -7.0000e+01 1.0025e+02
-1.9000e+02 -6.0000e+01 1.0033e+02
-1.9000e+02 -5.0000e+01 1.0027e+02
-1.9000e+02 -4.0000e+01 1.0003e+02
-1.9000e+02 -3.0000e+01 1.0000e+02
-1.9000e+02 -2.0000e+01 1.0030e+02
-1.9000e+02 -1.0000e+01 1.0037e+02
-1.9000e+02 0.0000e+00 1.0031e+02
-1.9000e+02 1.0000e+01 1.0006e+02
-1.9000e+02 2.0000e+01 1.0020e+02
-1.9000e+02 3.0000e+01 1.0026e+02
-1.9000e+02 4.0000e+01 1.0031e+02
-1.9000e+02 5.0000e+01 1.0021e+02
-1.9000e+02 6.0000e+01 1.0019e+02
-1.9000e+02 7.0000e+01 1.0004e+02
-1.9000e+02 8.0000e+01 1.0006e+02
-1.9000e+02 9.0000e+01 1.0011e+02
-1.9000e+02 1.0000e+02 1.0015e+02
-1.9000e+02 1.1000e+02 1.0039e+02
-1.9000e+02 1.2000e+02 1.0029e+02
-1.9000e+02 1.3000e+02 1.0015e+02
-1.9000e+02 1.4000e+02 1.0018e+02
-1.9000e+02 1.5000e+02 1.0008e+02
-1.9000e+02 1.6000e+02 1.0023e+02
-1.9000e+02 1.7000e+02 1.0014e+02
-1.9000e+02 1.8000e+02 1.0041e+02
-1.9000e+02 1.9000e+02 1.0008e+02
-1.9000e+02 2.0000e+02 1.0044e+02
-1.8000e+02 -2.0000e+02 1.0019e+02
-1.8000e+02 -1.9000e+02 1.0029e+02
-1.8000e+02 -1.8000e+02 1.0046e+02
-1.8000e+02 -1.7000e+02 1.0015e+02
-1.8000e+02 -1.6000e+02 1.0006e+02
-1.8000e+02 -1.5000e+02 1.0004e+02
-1.8000e+02 -1.4000e+02 1.0006e+02
-1.8000e+02 -1.3000e+02 1.0047e+02
-1.8000e+02 -1.2000e+02 1.0030e+02
-1.8000e+02 -1.1000e+02 1.0012e+02
-1.8000e+02 -1.0000e+02 1.0021e+02
-1.8000e+02 -9.0000e+01 1.0006e+02
-1.8000e+02 -8.0000e+01 1.0032e+02
-1.8000e+02 -7.0000e+01 1.0021e+02
-1.8000e+02 -6.0000e+01 1.0019e+02
-1.8000e+02 -5.0000e+01 1.0038e+02
-1.8000e+02 -4.0000e+01 9.9977e+01
-1.8000e+02 -3.0000e+01 1.0034e+02
-1.8000e+02 -2.0000e+01 1.0025e+02
-1.8000e+02 -1.0000e+01 1.0024e+02
-1.8000e+02 0.0000e+00 1.0005e+02
-1.8000e+02 1.0000e+01 9.9976e+01
-1.8000e+02 2.0000e+01 1.0040e+02
-1.8000e+02 3.0000e+01 9.9979e+01
-1.8000e+02 4.0000e+01 1.0014e+02
-1.8000e+02 5.0000e+01 9.9970e+01
-1.8000e+02 6.0000e+01 1.0016e+02
-1.8000e+02 7.0000e+01 1.0035e+02
-1.8000e+02 8.0000e+01 1.0012e+02
-1.8000e+02 9.0000e+01 1.0037e+02
-1.8000e+02 1.0000e+02 1.0009e+02
-1.8000e+02 1.1000e+02 9.9988e+01
-1.8000e+02 1.2000e+02 1.0020e+02
-1.8000e+02 1.3000e+02 1.0000e+02
-1.8000e+02 1.4000e+02 1.0005e+02
-1.8000e+02 1.5000e+02 1.0036e+02
-1.8000e+02 1.6000e+02 1.0049e+02
-1.8000e+02 1.7000e+02 1.0035e+02
-1.8000e+02 1.8000e+02 1.0003e+02
-1.8000e+02 1.9000e+02 1.0005e+02
-1.8000e+02 2.0000e+02 1.0023e+02
-1.7000e+02 -2.0000e+02 1.0038e+02
-1.7000e+02 -1.9000e+02 1.0043e+02
-1.7000e+02 -1.8000e+02 1.0043e+02
-1.7000e+02 -1.7000e+02 1.0037e+02
-1.7000e+02 -1.6000e+02 1.0003e+02
-1.7000e+02 -1.5000e+02 1.0015e+02
-1.7000e+02 -1.4000e+02 1.0014e+02
-1.7000e+02 -1.3000e+02 1.0001e+02
-1.7000e+02 -1.2000e+02 1.0032e+02
-1.7000e+02 -1.1000e+02 1.0036e+02
-1.7000e+02 -1.0000e+02 1.0017e+02
-1.7000e+02 -9.0000e+01 1.0028e+02
-1.7000e+02 -8.0000e+01 1.0003e+02
-1.7000e+02 -7.0000e+01 9.9970e+01
-1.7000e+02 -6.0000e+01 1.0012e+02
-1.7000e+02 -5.0000e+01 1.0037e+02
-1.7000e+02 -4.0000e+01 1.0015e+02
-1.7000e+02 -3.0000e+01 1.0029e+02
-1.7000e+02 -2.0000e+01 1.0024e+02
-1.7000e+02 -1.0000e+01 1.0027e+02
-1.7000e+02 0.0000e+00 1.0032e+02
-1.7000e+02 1.0000e+01 1.0029e+02
-1.7000e+02 2.0000e+01 1.0012e+02
-1.7000e+02 3.0000e+01 1.0025e+02
-1.7000e+02 4.0000e+01 9.9960e+01
-1.7000e+02 5.0000e+01 1.0019e+02
-1.7000e+02 6.0000e+01 1.0035e+02
-1.7000e+02 7.0000e+01 1.0039e+02
-1.7000e+02 8.0000e+01 1.0039e+02
-1.7000e+02 9.0000e+01 9.9988e+01
-1.7000e+02 1.0000e+02 1.0008e+02
-1.7000e+02 1.1000e+02 1.0014e+02
-1.7000e+02 1.2000e+02 1.0010e+02
-1.7000e+02 1.3000e+02 1.0005e+02
-1.7000e+02 1.4000e+02 1.0035e+02
-1.7000e+02 1.5000e+02 1.0034e+02
-1.7000e+02 1.6000e+02 1.0037e+02
-1.7000e+02 1.7000e+02 1.0016e+02
-1.7000e+02 1.8000e+02 1.0042e+02
-1.7000e+02 1.9000e+02 1.0037e+02
-1.7000e+02 2.0000e+02 1.0009e+02
-1.6000e+02 -2.0000e+02 1.0030e+02
-1.6000e+02 -1.9000e+02 1.0027e+02
-1.6000e+02 -1.8000e+02 1.0030e+02
-1.6000e+02 -1.7000e+02 1.0026e+02
-1.6000e+02 -1.6000e+02 1.0016e+02
-1.6000e+02 -1.5000e+02 1.0042e+02
-1.6000e+02 -1.4000e+02 1.0026e+02
-1.6000e+02 -1.3000e+02 1.0005e+02
-1.6000e+02 -1.2000e+02 1.0041e+02
-1.6000e+02 -1.1000e+02 1.0005e+02
-1.6000e+02 -1.0000e+02 1.0035e+02
-1.6000e+02 -9.0000e+01 1.0016e+02
-1.6000e+02 -8.0000e+01 1.0003e+02
-1.6000e+02 -7.0000e+01 1.0012e+02
-1.6000e+02 -6.0000e+01 1.0019e+02
-1.6000e+02 -5.0000e+01 9.9992e+01
-1.6000e+02 -4.0000e+01 9.9863e+01
-1.6000e+02 -3.0000e+01 1.0008e+02
-1.6000e+02 -2.0000e+01 1.0008e+02
-1.6000e+02 -1.0000e+01 1.0007e+02
-1.6000e+02 0.0000e+00 9.9887e+01
-1.6000e+02 1.0000e+01 1.0008e+02
-1.6000e+02 2.0000e+01 1.0002e+02
-1.6000e+02 3.0000e+01 9.9808e+01
-1.6000e+02 4.0000e+01 1.0019e+02
-1.6000e+02 5.0000e+01 9.9862e+01
-1.6000e+02 6.0000e+01 1.0001e+02
-1.6000e+02 7.0000e+01 1.0012e+02
-1.6000e+02 8.0000e+01 1.0015e+02
-1.6000e+02 9.0000e+01 1.0038e+02
-1.6000e+02 1.0000e+02 9.9954e+01
-1.6000e+02 1.1000e+02 1.0019e+02
-1.6000e+02 1.2000e+02 1.0004e+02
-1.6000e+02 1.3000e+02 1.0022e+02
-1.6000e+02 1.4000e+02 1.0040e+02
-1.6000e+02 1.5000e+02 1.0038e+02
-1.6000e+02 1.6000e+02 1.0045e+02
-1.6000e+02 1.7000e+02 1.0023e+02
-1.6000e+02 1.8000e+02 1.0026e+02
-1.6000e+02 1.9000e+02 1.0026e+02
-1.6000e+02 2.0000e+02 1.0034e+02
-1.5000e+02 -2.0000e+02 1.0028e+02
-1.5000e+02 -1.9000e+02 1.0050e+02
-1.5000e+02 -1.8000e+02 1.0044e+02
-1.5000e+02 -1.7000e+02 1.0034e+02
-1.5000e+02 -1.6000e+02 1.0003e+02
-1.5000e+02 -1.5000e+02 1.0044e+02
-1.5000e+02 -1.4000e+02 1.0033e+02
-1.5000e+02 -1.3000e+02 1.0043e+02
-1.5000e+02 -1.2000e+02 1.0031e+02
-1.5000e+02 -1.1000e+02 1.0020e+02
-1.5000e+02 -1.0000e+02 1.0037e+02
-1.5000e+02 -9.0000e+01 9.9945e+01
-1.5000e+02 -8.0000e+01 1.0009e+02
-1.5000e+02 -7.0000e+01 9.9960e+01
-1.5000e+02 -6.0000e+01 9.9868e+01
-1.5000e+02 -5.0000e+01 9.9999e+01
-1.5000e+02 -4.0000e+01 9.9684e+01
-1.5000e+02 -3.0000e+01 9.9709e+01
-1.5000e+02 -2.0000e+01 9.9984e+01
-1.5000e+02 -1.0000e+01 9.9748e+01
-1.5000e+02 0.0000e+00 9.9679e+01
-1.5000e+02 1.0000e+01 9.9995e+01
-1.5000e+02 2.0000e+01 1.0007e+02
-1.5000e+02 3.0000e+01 9.9929e+01
-1.5000e+02 4.0000e+01 9.9664e+01
-1.5000e+02 5.0000e+01 1.0008e+02
-1.5000e+02 6.0000e+01 9.9995e+01
-1.5000e+02 7.0000e+01 1.0026e+02
-1.5000e+02 8.0000e+01 9.9927e+01
-1.5000e+02 9.0000e+01 1.0006e+02
-1.5000e+02 1.0000e+02 1.0016e+02
-1.5000e+02 1.1000e+02 1.0013e+02
-1.5000e+02 1.2000e+02 1.0040e+02
-1.5000e+02 1.3000e+02 9.9990e+01
-1.5000e+02 1.4000e+02 1.0043e+02
-1.5000e+02 1.5000e+02 1.0028e+02
-1.5000e+02 1.6000e+02 1.0010e+02
-1.5000e+02 1.7000e+02 1.0049e+02
-1.5000e+02 1.8000e+02 1.0011e+02
-1.5000e+02 1.9000e+02 1.0020e+02
-1.5000e+02 2.0000e+02 1.0023e+02
-1.4000e+02 -2.0000e+02 1.0046e+02
-1.4000e+02 -1.9000e+02 1.0041e+02
-1.4000e+02 -1.8000e+02 1.0008e+02
-1.4000e+02 -1.7000e+02 1.0046e+02
-1.4000e+02 -1.6000e+02 1.0034e+02
-1.4000e+02 -1.5000e+02 1.0027e+02
-1.4000e+02 -1.4000e+02 1.0003e+02
-1.4000e+02 -1.3000e+02 1.0025e+02
-1.4000e+02 -1.2000e+02 1.0009e+02
-1.4000e+02 -1.1000e+02 1.0028e+02
-1.4000e+02 -1.0000e+02 1.0015e+02
-1.4000e+02 -9.0000e+01 1.0019e+02
-1.4000e+02 -8.0000e+01 9.9832e+01
-1.4000e+02 -7.0000e+01 1.0004e+02
-1.4000e+02 -6.0000e+01 9.9630e+01
-1.4000e+02 -5.0000e+01 9.9886e+01
-1.4000e+02 -4.0000e+01 9.9551e+01
-1.4000e+02 -3.0000e+01 9.9709e+01
-1.4000e+02 -2.0000e+01 9.9500e+01
-1.4000e+02 -1.0000e+01 9.9359e+01
-1.4000e+02 0.0000e+00 9.9514e+01
-1.4000e+02 1.0000e+01 9.9454e+01
-1.4000e+02 2.0000e+01 9.9409e+01
-1.4000e+02 3.0000e+01 9.9732e+01
-1.4000e+02 4.0000e+01 9.9719e+01
-1.4000e+02 5.0000e+01 9.9935e+01
-1.4000e+02 6.0000e+01 9.9718e+01
-1.4000e+02 7.0000e+01 1.0003e+02
-1.4000e+02 8.0000e+01 1.0024e+02
-1.4000e+02 9.0000e+01 1.0009e+02
-1.4000e+02 1.0000e+02 1.0033e+02
-1.4000e+02 1.1000e+02 1.0034e+02
-1.4000e+02 1.2000e+02 1.0008e+02
-1.4000e+02 1.3000e+02 1.0042e+02
-1.4000e+02 1.4000e+02 1.0033e+02
-1.4000e+02 1.5000e+02 9.9980e+01
-1.4000e+02 1.6000e+02 1.0004e+02
-1.4000e+02 1.7000e+02 1.0008e+02
-1.4000e+02 1.8000e+02 1.0035e+02
-1.4000e+02 1.9000e+02 1.0021e+02
-1.4000e+02 2.0000e+02 1.0040e+02
-1.3000e+02 -2.0000e+02 1.0001e+02
-1.3000e+02 -1.9000e+02 1.0000e+02
-1.3000e+02 -1.8000e+02 1.0012e+02
-1.3000e+02 -1.7000e+02 1.0028e+02
-1.3000e+02 -1.6000e+02 1.0027e+02
-1.3000e+02 -1.5000e+02 1.0023e+02
-1.3000e+02 -1.4000e+02 1.0003e+02
-1.3000e+02 -1.3000e+02 1.0004e+02
-1.3000e+02 -1.2000e+02 1.0009e+02
-1.3000e+02 -1.1000e+02 1.0013e+02
-1.3000e+02 -1.0000e+02 1.0021e+02
-1.3000e+02 -9.0000e+01 1.0013e+02
-1.3000e+02 -8.0000e+01 1.0007e+02
-1.3000e+02 -7.0000e+01 9.9842e+01
-1.3000e+02 -6.0000e+01 9.9811e+01
-1.3000e+02 -5.0000e+01 9.9445e+01
-1.3000e+02 -4.0000e+01 9.9602e+01
-1.3000e+02 -3.0000e+01 9.9475e+01
-1.3000e+02 -2.0000e+01 9.9461e+01
-1.3000e+02 -1.0000e+01 9.9210e+01
-1.3000e+02 0.0000e+00 9.9150e+01
-1.3000e+02 1.0000e+01 9.9266e+01
-1.3000e+02 2.0000e+01 9.9464e+01
-1.3000e+02 3.0000e+01 9.9388e+01
-1.3000e+02 4.0000e+01 9.9541e+01
-1.3000e+02 5.0000e+01 9.9633e+01
-1.3000e+02 6.0000e+01 9.9456e+01
-1.3000e+02 7.0000e+01 9.9665e+01
-1.3000e+02 8.0000e+01 9.9809e+01
-1.3000e+02 9.0000e+01 9.9860e+01
-1.3000e+02 1.0000e+02 1.0008e+02
-1.3000e+02 1.1000e+02 9.9951e+01
-1.3000e+02 1.2000e+02 9.9926e+01
-1.3000e+02 1.3000e+02 1.0039e+02
-1.3000e+02 1.4000e+02 1.0003e+02
-1.3000e+02 1.5000e+02 1.0012e+02
-1.3000e+02 1.6000e+02 1.0010e+02
-1.3000e+02 1.7000e+02 1.0014e+02
-1.3000e+02 1.8000e+02 1.0021e+02
-1.3000e+02 1.9000e+02 1.0028e+02
-1.3000e+02 2.0000e+02 1.0040e+02
-1.2000e+02 -2.0000e+02 1.0006e+02
-1.2000e+02 -1.9000e+02 1.0027e+02
-1.2000e+02 -1.8000e+02 1.0004e+02
-1.2000e+02 -1.7000e+02 1.0010e+02
-1.2000e+02 -1.6000e+02 1.0037e+02
-1.2000e+02 -1.5000e+02 1.0017e+02
-1.2000e+02 -1.4000e+02 1.0019e+02
-1.2000e+02 -1.3000e+02 1.0020e+02
-1.2000e+02 -1.2000e+02 1.0010e+02
-1.2000e+02 -1.1000e+02 9.9913e+01
-1.2000e+02 -1.0000e+02 1.0006e+02
-1.2000e+02 -9.0000e+01 9.9842e+01
-1.2000e+02 -8.0000e+01 9.9586e+01
-1.2000e+02 -7.0000e+01 9.9426e+01
-1.2000e+02 -6.0000e+01 9.9470e+01
-1.2000e+02 -5.0000e+01 9.9313e+01
-1.2000e+02 -4.0000e+01 9.8986e+01
-1.2000e+02 -3.0000e+01 9.8952e+01
-1.2000e+02 -2.0000e+01 9.9013e+01
-1.2000e+02 -1.0000e+01 9.8502e+01
-1.2000e+02 0.0000e+00 9.8887e+01
-1.2000e+02 1.0000e+01 9.8794e+01
-1.2000e+02 2.0000e+01 9.8684e+01
-1.2000e+02 3.0000e+01 9.8949e+01
-1.2000e+02 4.0000e+01 9.9174e+01
-1.2000e+02 5.0000e+01 9.9088e+01
-1.2000e+02 6.0000e+01 9.9334e+01
-1.2000e+02 7.0000e+01 9.9733e+01
-1.2000e+02 8.0000e+01 9.9464e+01
-1.2000e+02 9.0000e+01 9.9881e+01
-1.2000e+02 1.0000e+02 1.0010e+02
-1.2000e+02 1.1000e+02 9.9815e+01
-1.2000e+02 1.2000e+02 1.0025e+02
-1.2000e+02 1.3000e+02 1.0008e+02
-1.2000e+02 1.4000e+02 1.0028e+02
-1.2000e+02 1.5000e+02 9.9998e+01
-1.2000e+02 1.6000e+02 1.0017e+02
-1.2000e+02 1.7000e+02 1.0034e+02
-1.2000e+02 1.8000e+02 1.0038e+02
-1.2000e+02 1.9000e+02 1.0039e+02
-1.2000e+02 2.0000e+02 1.0041e+02
-1.1000e+02 -2.0000e+02 1.0036e+02
-1.1000e+02 -1.9000e+02 1.0028e+02
-1.1000e+02 -1.8000e+02 1.0022e+02
-1.1000e+02 -1.7000e+02 1.0002e+02
-1.1000e+02 -1.6000e+02 1.0010e+02
-1.1000e+02 -1.5000e+02 1.0007e+02
-1.1000e+02 -1.4000e+02 1.0011e+02
-1.1000e+02 -1.3000e+02 9.9887e+01
-1.1000e+02 -1.2000e+02 9.9973e+01
-1.1000e+02 -1.1000e+02 1.0005e+02
-1.1000e+02 -1.0000e+02 9.9944e+01
-1.1000e+02 -9.0000e+01 9.9809e+01
-1.1000e+02 -8.0000e+01 9.9617e+01
-1.1000e+02 -7.0000e+01 9.9432e+01
-1.1000e+02 -6.0000e+01 9.9130e+01
-1.1000e+02 -5.0000e+01 9.8634e+01
-1.1000e+02 -4.0000e+01 9.8333e+01
-1.1000e+02 -3.0000e+01 9.8213e+01
-1.1000e+02 -2.0000e+01 9.7950e+01
-1.1000e+02 -1.0000e+01 9.7941e+01
-1.1000e+02 0.0000e+00 9.8167e+01
-1.1000e+02 1.0000e+01 9.7904e+01
-1.1000e+02 2.0000e+01 9.8369e+01
-1.1000e+02 3.0000e+01 9.8303e+01
-1.1000e+02 4.0000e+01 9.8362e+01
-1.1000e+02 5.0000e+01 9.8888e+01
-1.1000e+02 6.0000e+01 9.9092e+01
-1.1000e+02 7.0000e+01 9.9047e+01
-1.1000e+02 8.0000e+01 9.9277e+01
-1.1000e+02 9.0000e+01 9.9638e+01
-1.1000e+02 1.0000e+02 1.0001e+02
-1.1000e+02 1.1000e+02 9.9794e+01
-1.1000e+02 1.2000e+02 1.0014e+02
-1.1000e+02 1.3000e+02 1.0016e+02
-1.1000e+02 1.4000e+02 1.0037e+02
-1.1000e+02 1.5000e+02 1.0035e+02
-1.1000e+02 1.6000e+02 1.0026e+02
-1.1000e+02 1.7000e+02 1.0021e+02
-1.1000e+02 1.8000e+02 1.0044e+02
-1.1000e+02 1.9000e+02 1.0016e+02
-1.1000e+02 2.0000e+02 1.0002e+02
-1.0000e+02 -2.0000e+02 1.0010e+02
-1.0000e+02 -1.9000e+02 1.0032e+02
-1.0000e+02 -1.8000e+02 1.0042e+02
-1.0000e+02 -1.7000e+02 1.0016e+02
-1.0000e+02 -1.6000e+02 1.0040e+02
-1.0000e+02 -1.5000e+02 1.0031e+02
-1.0000e+02 -1.4000e+02 1.0022e+02
-1.0000e+02 -1.3000e+02 9.9799e+01
-1.0000e+02 -1.2000e+02 9.9968e+01
-1.0000e+02 -1.1000e+02 9.9677e+01
-1.0000e+02 -1.0000e+02 9.9764e+01
-1.0000e+02 -9.0000e+01 9.9137e+01
-1.0000e+02 -8.0000e+01 9.8915e+01
-1.0000e+02 -7.0000e+01 9.8614e+01
-1.0000e+02 -6.0000e+01 9.8302e+01
-1.0000e+02 -5.0000e+01 9.8330e+01
-1.0000e+02 -4.0000e+01 9.8039e+01
-1.0000e+02 -3.0000e+01 9.7485e+01
-1.0000e+02 -2.0000e+01 9.7338e+01
-1.0000e+02 -1.0000e+01 9.7219e+01
-1.0000e+02 0.0000e+00 9.7021e+01
-1.0000e+02 1.0000e+01 9.7131e+01
-1.0000e+02 2.0000e+01 9.7094e+01
-1.0000e+02 3.0000e+01 9.7663e+01
-1.0000e+02 4.0000e+01 9.7733e+01
-1.0000e+02 5.0000e+01 9.8179e+01
-1.0000e+02 6.0000e+01 9.8567e+01
-1.0000e+02 7.0000e+01 9.9005e+01
-1.0000e+02 8.0000e+01 9.9325e+01
-1.0000e+02 9.0000e+01 9.9389e+01
-1.0000e+02 1.0000e+02 9.9633e+01
-1.0000e+02 1.1000e+02 9.9699e+01
-1.0000e+02 1.2000e+02 1.0016e+02
-1.0000e+02 1.3000e+02 9.9779e+01
-1.0000e+02 1.4000e+02 1.0012e+02
-1.0000e+02 1.5000e+02 1.0008e+02
-1.0000e+02 1.6000e+02 1.0017e+02
-1.0000e+02 1.7000e+02 1.0009e+02
-1.0000e+02 1.8000e+02 1.0018e+02
-1.0000e+02 1.9000e+02 1.0024e+02
-1.0000e+02 2.0000e+02 1.0001e+02
-9.0000e+01 -2.0000e+02 1.0004e+02
-9.0000e+01 -1.9000e+02 1.0023e+02
-9.0000e+01 -1.8000e+02 1.0008e+02
-9.0000e+01 -1.7000e+02 1.0003e+02
-9.0000e+01 -1.6000e+02 1.0034e+02
-9.0000e+01 -1.5000e+02 1.0007e+02
-9.0000e+01 -1.4000e+02 9.9827e+01
-9.0000e+01 -1.3000e+02 1.0009e+02
-9.0000e+01 -1.2000e+02 1.0005e+02
-9.0000e+01 -1.1000e+02 9.9830e+01
-9.0000e+01 -1.0000e+02 9.9130e+01
-9.0000e+01 -9.0000e+01 9.9174e+01
-9.0000e+01 -8.0000e+01 9.8816e+01
-9.0000e+01 -7.0000e+01 9.8090e+01
-9.0000e+01 -6.0000e+01 9.7773e+01
-9.0000e+01 -5.0000e+01 9.7279e+01
-9.0000e+01 -4.0000e+01 9.7184e+01
-9.0000e+01 -3.0000e+01 9.6798e+01
-9.0000e+01 -2.0000e+01 9.6506e+01
-9.0000e+01 -1.0000e+01 9.5975e+01
-9.0000e+01 0.0000e+00 9.6255e+01
-9.0000e+01 1.0000e+01 9.6168e+01
-9.0000e+01 2.0000e+01 9.6172e+01
-9.0000e+01 3.0000e+01 9.6765e+01
-9.0000e+01 4.0000e+01 9.6890e+01
-9.0000e+01 5.0000e+01 9.7201e+01
-9.0000e+01 6.0000e+01 9.7626e+01
-9.0000e+01 7.0000e+01 9.8364e+01
-9.0000e+01 8.0000e+01 9.8899e+01
-9.0000e+01 9.0000e+01 9.9055e+01
-9.0000e+01 1.0000e+02 9.9161e+01
-9.0000e+01 1.1000e+02 9.9818e+01
-9.0000e+01 1.2000e+02 9.9989e+01
-9.0000e+01 1.3000e+02 9.9924e+01
-9.0000e+01 1.4000e+02 1.0016e+02
-9.0000e+01 1.5000e+02 1.0004e+02
-9.0000e+01 1.6000e+02 1.0006e+02
-9.0000e+01 1.7000e+02 1.0010e+02
-9.0000e+01 1.8000e+02 1.0037e+02
-9.0000e+01 1.9000e+02 1.0039e+02
-9.0000e+01 2.0000e+02 1.0044e+02
-8.0000e+01 -2.0000e+02 1.0043e+02
-8.0000e+01 -1.9000e+02 1.0020e+02
-8.0000e+01 -1.8000e+02 1.0034e+02
-8.0000e+01 -1.7000e+02 1.0001e+02
-8.0000e+01 -1.6000e+02 1.0033e+02
-8.0000e+01 -1.5000e+02 1.0020e+02
-8.0000e+01 -1.4000e+02 9.9866e+01
-8.0000e+01 -1.3000e+02 1.0008e+02
-8.0000e+01 -1.2000e+02 9.9588e+01
-8.0000e+01 -1.1000e+02 9.9295e+01
-8.0000e+01 -1.0000e+02 9.8916e+01
-8.0000e+01 -9.0000e+01 9.8485e+01
-8.0000e+01 -8.0000e+01 9.8352e+01
-8.0000e+01 -7.0000e+01 9.7607e+01
-8.0000e+01 -6.0000e+01 9.6896e+01
-8.0000e+01 -5.0000e+01 9.6288e+01
-8.0000e+01 -4.0000e+01 9.6167e+01
-8.0000e+01 -3.0000e+01 9.5450e+01
-8.0000e+01 -2.0000e+01 9.4823e+01
-8.0000e+01 -1.0000e+01 9.4698e+01
-8.0000e+01 0.0000e+00 9.4640e+01
-8.0000e+01 1.0000e+01 9.5052e+01
-8.0000e+01 2.0000e+01 9.5008e+01
-8.0000e+01 3.0000e+01 9.5418e+01
-8.0000e+01 4.0000e+01 9.5746e+01
-8.0000e+01 5.0000e+01 9.6315e+01
-8.0000e+01 6.0000e+01 9.7156e+01
-8.0000e+01 7.0000e+01 9.7894e+01
-8.0000e+01 8.0000e+01 9.8119e+01
-8.0000e+01 9.0000e+01 9.8941e+01
-8.0000e+01 1.0000e+02 9.8926e+01
-8.0000e+01 1.1000e+02 9.9172e+01
-8.0000e+01 1.2000e+02 9.9600e+01
-8.0000e+01 1.3000e+02 9.9680e+01
-8.0000e+01 1.4000e+02 1.0011e+02
-8.0000e+01 1.5000e+02 9.9963e+01
-8.0000e+01 1.6000e+02 1.0037e+02
-8.0000e+01 1.7000e+02 1.0023e+02
-8.0000e+01 1.8000e+02 1.0014e+02
-8.0000e+01 1.9000e+02 1.0044e+02
-8.0000e+01 2.0000e+02 1.0017e+02
-7.0000e+01 -2.0000e+02 1.0012e+02
-7.0000e+01 -1.9000e+02 1.0007e+02
-7.0000e+01 -1.8000e+02 1.0023e+02
-7.0000e+01 -1.7000e+02 1.0004e+02
-7.0000e+01 -1.6000e+02 1.0032e+02
-7.0000e+01 -1.5000e+02 1.0012e+02
-7.0000e+01 -1.4000e+02 9.9798e+01
-7.0000e+01 -1.3000e+02 9.9888e+01
-7.0000e+01 -1.2000e+02 9.9670e+01
-7.0000e+01 -1.1000e+02 9.9389e+01
-7.0000e+01 -1.0000e+02 9.8929e+01
-7.0000e+01 -9.0000e+01 9.8253e+01
-7.0000e+01 -8.0000e+01 9.7578e+01
-7.0000e+01 -7.0000e+01 9.7003e+01
-7.0000e+01 -6.0000e+01 9.6099e+01
-7.0000e+01 -5.0000e+01 9.5766e+01
-7.0000e+01 -4.0000e+01 9.4678e+01
-7.0000e+01 -3.0000e+01 9.4011e+01
-7.0000e+01 -2.0000e+01 9.3727e+01
-7.0000e+01 -1.0000e+01 9.3514e+01
-7.0000e+01 0.0000e+00 9.3036e+01
-7.0000e+01 1.0000e+01 9.3524e+01
-7.0000e+01 2.0000e+01 9.3837e+01
-7.0000e+01 3.0000e+01 9.4079e+01
-7.0000e+01 4.0000e+01 9.4996e+01
-7.0000e+01 5.0000e+01 9.5483e+01
-7.0000e+01 6.0000e+01 9.6101e+01
-7.0000e+01 7.0000e+01 9.6896e+01
-7.0000e+01 8.0000e+01 9.7717e+01
-7.0000e+01 9.0000e+01 9.8187e+01
-7.0000e+01 1.0000e+02 9.8987e+01
-7.0000e+01 1.1000e+02 9.9081e+01
-7.0000e+01 1.2000e+02 9.9561e+01
-7.0000e+01 1.3000e+02 9.9660e+01
-7.0000e+01 1.4000e+02 9.9841e+01
-7.0000e+01 1.5000e+02 9.9875e+01
-7.0000e+01 1.6000e+02 1.0005e+02
-7.0000e+01 1.7000e+02 1.0013e+02
-7.0000e+01 1.8000e+02 1.0003e+02
-7.0000e+01 1.9000e+02 1.0043e+02
-7.0000e+01 2.0000e+02 1.0040e+02
-6.0000e+01 -2.0000e+02 1.0006e+02
-6.0000e+01 -1.9000e+02 1.0001e+02
-6.0000e+01 -1.8000e+02 9.9953e+01
-6.0000e+01 -1.7000e+02 1.0013e+02
-6.0000e+01 -1.6000e+02 9.9933e+01
-6.0000e+01 -1.5000e+02 9.9784e+01
-6.0000e+01 -1.4000e+02 9.9655e+01
-6.0000e+01 -1.3000e+02 9.9482e+01
-6.0000e+01 -1.2000e+02 9.9113e+01
-6.0000e+01 -1.1000e+02 9.9083e+01
-6.0000e+01 -1.0000e+02 9.8512e+01
-6.0000e+01 -9.0000e+01 9.7954e+01
-6.0000e+01 -8.0000e+01 9.6986e+01
-6.0000e+01 -7.0000e+01 9.6458e+01
-6.0000e+01 -6.0000e+01 9.5447e+01
-6.0000e+01 -5.0000e+01 9.4518e+01
-6.0000e+01 -4.0000e+01 9.3568e+01
-6.0000e+01 -3.0000e+01 9.2961e+01
-6.0000e+01 -2.0000e+01 9.2175e+01
-6.0000e+01 -1.0000e+01 9.1951e+01
-6.0000e+01 0.0000e+00 9.1541e+01
-6.0000e+01 1.0000e+01 9.1755e+01
-6.0000e+01 2.0000e+01 9.2234e+01
-6.0000e+01 3.0000e+01 9.2634e+01
-6.0000e+01 4.0000e+01 9.3699e+01
-6.0000e+01 5.0000e+01 9.4325e+01
-6.0000e+01 6.0000e+01 9.5131e+01
-6.0000e+01 7.0000e+01 9.6115e+01
-6.0000e+01 8.0000e+01 9.7163e+01
-6.0000e+01 9.0000e+01 9.7763e+01
-6.0000e+01 1.0000e+02 9.8457e+01
-6.0000e+01 1.1000e+02 9.8858e+01
-6.0000e+01 1.2000e+02 9.9394e+01
-6.0000e+01 1.3000e+02 9.9628e+01
-6.0000e+01 1.4000e+02 9.9791e+01
-6.0000e+01 1.5000e+02 9.9893e+01
-6.0000e+01 1.6000e+02 9.9921e+01
-6.0000e+01 1.7000e+02 1.0026e+02
-6.0000e+01 1.8000e+02 1.0034e+02
-6.0000e+01 1.9000e+02 1.0001e+02
-6.0000e+01 2.0000e+02 1.0006e+02
-5.0000e+01 -2.0000e+02 1.0006e+02
-5.0000e+01 -1.9000e+02 1.0015e+02
-5.0000e+01 -1.8000e+02 1.0006e+02
-5.0000e+01 -1.7000e+02 1.0039e+02
-5.0000e+01 -1.6000e+02 1.0023e+02
-5.0000e+01 -1.5000e+02 9.9710e+01
-5.0000e+01 -1.4000e+02 9.9577e+01
-5.0000e+01 -1.3000e+02 9.9357e+01
-5.0000e+01 -1.2000e+02 9.9152e+01
-5.0000e+01 -1.1000e+02 9.8923e+01
-5.0000e+01 -1.0000e+02 9.8264e+01
-5.0000e+01 -9.0000e+01 9.7200e+01
-5.0000e+01 -8.0000e+01 9.6274e+01
-5.0000e+01 -7.0000e+01 9.5693e+01
-5.0000e+01 -6.0000e+01 9.4679e+01
-5.0000e+01 -5.0000e+01 9.3564e+01
-5.0000e+01 -4.0000e+01 9.2384e+01
-5.0000e+01 -3.0000e+01 9.1201e+01
-5.0000e+01 -2.0000e+01 9.0940e+01
-5.0000e+01 -1.0000e+01 9.0472e+01
-5.0000e+01 0.0000e+00 8.9954e+01
-5.0000e+01 1.0000e+01 9.0393e+01
-5.0000e+01 2.0000e+01 9.0916e+01
-5.0000e+01 3.0000e+01 9.1335e+01
-5.0000e+01 4.0000e+01 9.2127e+01
-5.0000e+01 5.0000e+01 9.3315e+01
-5.0000e+01 6.0000e+01 9.4217e+01
-5.0000e+01 7.0000e+01 9.5497e+01
-5.0000e+01 8.0000e+01 9.6613e+01
-5.0000e+01 9.0000e+01 9.7370e+01
-5.0000e+01 1.0000e+02 9.8333e+01
-5.0000e+01 1.1000e+02 9.8475e+01
-5.0000e+01 1.2000e+02 9.9253e+01
-5.0000e+01 1.3000e+02 9.9575e+01
-5.0000e+01 1.4000e+02 9.9951e+01
-5.0000e+01 1.5000e+02 9.9953e+01
-5.0000e+01 1.6000e+02 1.0003e+02
-5.0000e+01 1.7000e+02 1.0013e+02
-5.0000e+01 1.8000e+02 1.0037e+02
-5.0000e+01 1.9000e+02 1.0042e+02
-5.0000e+01 2.0000e+02 1.0008e+02
-4.0000e+01 -2.0000e+02 1.0009e+02
-4.0000e+01 -1.9000e+02 1.0010e+02
-4.0000e+01 -1.8000e+02 1.0033e+02
-4.0000e+01 -1.7000e+02 1.0002e+02
-4.0000e+01 -1.6000e+02 1.0010e+02
-4.0000e+01 -1.5000e+02 1.0014e+02
-4.0000e+01 -1.4000e+02 9.9634e+01
-4.0000e+01 -1.3000e+02 9.9211e+01
-4.0000e+01 -1.2000e+02 9.8905e+01
-4.0000e+01 -1.1000e+02 9.8672e+01
-4.0000e+01 -1.0000e+02 9.7872e+01
-4.0000e+01 -9.0000e+01 9.7090e+01
-4.0000e+01 -8.0000e+01 9.6100e+01
-4.0000e+01 -7.0000e+01 9.4945e+01
-4.0000e+01 -6.0000e+01 9.3553e+01
-4.0000e+01 -5.0000e+01 9.2253e+01
-4.0000e+01 -4.0000e+01 9.1150e+01
-4.0000e+01 -3.0000e+01 9.0333e+01
-4.0000e+01 -2.0000e+01 8.9086e+01
-4.0000e+01 -1.0000e+01 8.8860e+01
-4.0000e+01 0.0000e+00 8.8327e+01
-4.0000e+01 1.0000e+01 8.8612e+01
-4.0000e+01 2.0000e+01 8.9115e+01
-4.0000e+01 3.0000e+01 8.9993e+01
-4.0000e+01 4.0000e+01 9.1181e+01
-4.0000e+01 5.0000e+01 9.2555e+01
-4.0000e+01 6.0000e+01 9.3567e+01
-4.0000e+01 7.0000e+01 9.4802e+01
-4.0000e+01 8.0000e+01 9.6085e+01
-4.0000e+01 9.0000e+01 9.6978e+01
-4.0000e+01 1.0000e+02 9.7618e+01
-4.0000e+01 1.1000e+02 9.8383e+01
-4.0000e+01 1.2000e+02 9.9199e+01
-4.0000e+01 1.3000e+02 9.9301e+01
-4.0000e+01 1.4000e+02 9.9922e+01
-4.0000e+01 1.5000e+02 1.0006e+02
-4.0000e+01 1.6000e+02 1.0013e+02
-4.0000e+01 1.7000e+02 1.0009e+02
-4.0000e+01 1.8000e+02 1.0033e+02
-4.0000e+01 1.9000e+02 1.0034e+02
-4.0000e+01 2.0000e+02 1.0002e+02
-3.0000e+01 -2.0000e+02 1.0006e+02
-3.0000e+01 -1.9000e+02 1.0037e+02
-3.0000e+01 -1.8000e+02 1.0021e+02
-3.0000e+01 -1.7000e+02 1.0021e+02
-3.0000e+01 -1.6000e+02 9.9960e+01
-3.0000e+01 -1.5000e+02 9.9777e+01
-3.0000e+01 -1.4000e+02 9.9630e+01
-3.0000e+01 -1.3000e+02 9.9136e+01
-3.0000e+01 -1.2000e+02 9.8766e+01
-3.0000e+01 -1.1000e+02 9.8134e+01
-3.0000e+01 -1.0000e+02 9.7566e+01
-3.0000e+01 -9.0000e+01 9.6649e+01
-3.0000e+01 -8.0000e+01 9.5345e+01
-3.0000e+01 -7.0000e+01 9.4043e+01
-3.0000e+01 -6.0000e+01 9.2852e+01
-3.0000e+01 -5.0000e+01 9.1680e+01
-3.0000e+01 -4.0000e+01 8.9953e+01
-3.0000e+01 -3.0000e+01 8.8894e+01
-3.0000e+01 -2.0000e+01 8.8159e+01
-3.0000e+01 -1.0000e+01 8.7360e+01
-3.0000e+01 0.0000e+00 8.7126e+01
-3.0000e+01 1.0000e+01 8.7289e+01
-3.0000e+01 2.0000e+01 8.8236e+01
-3.0000e+01 3.0000e+01 8.9138e+01
-3.0000e+01 4.0000e+01 8.9976e+01
-3.0000e+01 5.0000e+01 9.1586e+01
-3.0000e+01 6.0000e+01 9.3060e+01
-3.0000e+01 7.0000e+01 9.4281e+01
-3.0000e+01 8.0000e+01 9.5325e+01
-3.0000e+01 9.0000e+01 9.6447e+01
-3.0000e+01 1.0000e+02 9.7541e+01
-3.0000e+01 1.1000e+02 9.8058e+01
-3.0000e+01 1.2000e+02 9.8689e+01
-3.0000e+01 1.3000e+02 9.9193e+01
-3.0000e+01 1.4000e+02 9.9825e+01
-3.0000e+01 1.5000e+02 1.0002e+02
-3.0000e+01 1.6000e+02 1.0023e+02
-3.0000e+01 1.7000e+02 9.9976e+01
-3.0000e+01 1.8000e+02 1.0030e+02
-3.0000e+01 1.9000e+02 1.0001e+02
-3.0000e+01 2.0000e+02 1.0014e+02
-2.0000e+01 -2.0000e+02 1.0024e+02
-2.0000e+01 -1.9000e+02 1.0022e+02
-2.0000e+01 -1.8000e+02 1.0002e+02
-2.0000e+01 -1.7000e+02 1.0017e+02
-2.0000e+01 -1.6000e+02 9.9844e+01
-2.0000e+01 -1.5000e+02 9.9706e+01
-2.0000e+01 -1.4000e+02 9.9600e+01
-2.0000e+01 -1.3000e+02 9.9194e+01
-2.0000e+01 -1.2000e+02 9.8567e+01
-2.0000e+01 -1.1000e+02 9.8159e+01
-2.0000e+01 -1.0000e+02 9.7220e+01
-2.0000e+01 -9.0000e+01 9.6050e+01
-2.0000e+01 -8.0000e+01 9.4936e+01
-2.0000e+01 -7.0000e+01 9.3848e+01
-2.0000e+01 -6.0000e+01 9.2392e+01
-2.0000e+01 -5.0000e+01 9.0634e+01
-2.0000e+01 -4.0000e+01 8.9518e+01
-2.0000e+01 -3.0000e+01 8.7853e+01
-2.0000e+01 -2.0000e+01 8.6857e+01
-2.0000e+01 -1.0000e+01 8.6381e+01
-2.0000e+01 0.0000e+00 8.6176e+01
-2.0000e+01 1.0000e+01 8.6469e+01
-2.0000e+01 2.0000e+01 8.6836e+01
-2.0000e+01 3.0000e+01 8.8106e+01
-2.0000e+01 4.0000e+01 8.9401e+01
-2.0000e+01 5.0000e+01 9.0557e+01
-2.0000e+01 6.0000e+01 9.2114e+01
-2.0000e+01 7.0000e+01 9.3519e+01
-2.0000e+01 8.0000e+01 9.4916e+01
-2.0000e+01 9.0000e+01 9.6091e+01
-2.0000e+01 1.0000e+02 9.7429e+01
-2.0000e+01 1.1000e+02 9.8232e+01
-2.0000e+01 1.2000e+02 9.8694e+01
-2.0000e+01 1.3000e+02 9.9043e+01
-2.0000e+01 1.4000e+02 9.9378e+01
-2.0000e+01 1.5000e+02 9.9960e+01
-2.0000e+01 1.6000e+02 1.0008e+02
-2.0000e+01 1.7000e+02 1.0034e+02
-2.0000e+01 1.8000e+02 1.0024e+02
-2.0000e+01 1.9000e+02 9.9985e+01
-2.0000e+01 2.0000e+02 1.0033e+02
-1.0000e+01 -2.0000e+02 1.0041e+02
-1.0000e+01 -1.9000e+02 1.0034e+02
-1.0000e+01 -1.8000e+02 1.0034e+02
-1.0000e+01 -1.7000e+02 1.0011e+02
-1.0000e+01 -1.6000e+02 1.0004e+02
-1.0000e+01 -1.5000e+02 9.9816e+01
-1.0000e+01 -1.4000e+02 9.9604e+01
-1.0000e+01 -1.3000e+02 9.9067e+01
-1.0000e+01 -1.2000e+02 9.8767e+01
-1.0000e+01 -1.1000e+02 9.8219e+01
-1.0000e+01 -1.0000e+02 9.7168e+01
-1.0000e+01 -9.0000e+01 9.6275e+01
-1.0000e+01 -8.0000e+01 9.4782e+01
-1.0000e+01 -7.0000e+01 9.3488e+01
-1.0000e+01 -6.0000e+01 9.1729e+01
-1.0000e+01 -5.0000e+01 9.0166e+01
-1.0000e+01 -4.0000e+01 8.8570e+01
-1.0000e+01 -3.0000e+01 8.7488e+01
-1.0000e+01 -2.0000e+01 8.6454e+01
-1.0000e+01 -1.0000e+01 8.5510e+01
-1.0000e+01 0.0000e+00 8.5480e+01
-1.0000e+01 1.0000e+01 8.5508e+01
-1.0000e+01 2.0000e+01 8.6436e+01
-1.0000e+01 3.0000e+01 8.7238e+01
-1.0000e+01 4.0000e+01 8.8550e+01
-1.0000e+01 5.0000e+01 9.0289e+01
-1.0000e+01 6.0000e+01 9.1813e+01
-1.0000e+01 7.0000e+01 9.3354e+01
-1.0000e+01 8.0000e+01 9.4803e+01
-1.0000e+01 9.0000e+01 9.5962e+01
-1.0000e+01 1.0000e+02 9.7362e+01
-1.0000e+01 1.1000e+02 9.8079e+01
-1.0000e+01 1.2000e+02 9.8599e+01
-1.0000e+01 1.3000e+02 9.9032e+01
-1.0000e+01 1.4000e+02 9.9458e+01
-1.0000e+01 1.5000e+02 1.0005e+02
-1.0000e+01 1.6000e+02 9.9786e+01
-1.0000e+01 1.7000e+02 1.0017e+02
-1.0000e+01 1.8000e+02 9.9937e+01
-1.0000e+01 1.9000e+02 1.0041e+02
-1.0000e+01 2.0000e+02 1.0034e+02
0.0000e+00 -2.0000e+02 1.0014e+02
0.0000e+00 -1.9000e+02 1.0016e+02
0.0000e+00 -1.8000e+02 1.0034e+02
0.0000e+00 -1.7000e+02 1.0026e+02
0.0000e+00 -1.6000e+02 1.0016e+02
0.0000e+00 -1.5000e+02 9.9772e+01
0.0000e+00 -1.4000e+02 9.9562e+01
0.0000e+00 -1.3000e+02 9.9338e+01
0.0000e+00 -1.2000e+02 9.8582e+01
0.0000e+00 -1.1000e+02 9.7871e+01
0.0000e+00 -1.0000e+02 9.7156e+01
0.0000e+00 -9.0000e+01 9.6202e+01
0.0000e+00 -8.0000e+01 9.4569e+01
0.0000e+00 -7.0000e+01 9.3185e+01
0.0000e+00 -6.0000e+01 9.1685e+01
0.0000e+00 -5.0000e+01 9.0186e+01
0.0000e+00 -4.0000e+01 8.8580e+01
0.0000e+00 -3.0000e+01 8.7104e+01
0.0000e+00 -2.0000e+01 8.6325e+01
0.0000e+00 -1.0000e+01 8.5669e+01
0.0000e+00 0.0000e+00 8.5387e+01
0.0000e+00 1.0000e+01 8.5531e+01
0.0000e+00 2.0000e+01 8.6388e+01
0.0000e+00 3.0000e+01 8.7062e+01
0.0000e+00 4.0000e+01 8.8816e+01
0.0000e+00 5.0000e+01 8.9941e+01
0.0000e+00 6.0000e+01 9.1628e+01
0.0000e+00 7.0000e+01 9.3505e+01
0.0000e+00 8.0000e+01 9.4512e+01
0.0000e+00 9.0000e+01 9.5789e+01
0.0000e+00 1.0000e+02 9.7310e+01
0.0000e+00 1.1000e+02 9.7978e+01
0.0000e+00 1.2000e+02 9.8845e+01
0.0000e+00 1.3000e+02 9.9259e+01
0.0000e+00 1.4000e+02 9.9561e+01
0.0000e+00 1.5000e+02 9.9870e+01
0.0000e+00 1.6000e+02 9.9850e+01
0.0000e+00 1.7000e+02 1.0003e+02
0.0000e+00 1.8000e+02 1.0000e+02
0.0000e+00 1.9000e+02 1.0026e+02
0.0000e+00 2.0000e+02 1.0028e+02
1.0000e+01 -2.0000e+02 1.0043e+02
1.0000e+01 -1.9000e+02 1.0024e+02
1.0000e+01 -1.8000e+02 1.0012e+02
1.0000e+01 -1.7000e+02 9.9924e+01
1.0000e+01 -1.6000e+02 1.0018e+02
1.0000e+01 -1.5000e+02 9.9732e+01
1.0000e+01 -1.4000e+02 9.9684e+01
1.0000e+01 -1.3000e+02 9.9108e+01
1.0000e+01 -1.2000e+02 9.8647e+01
1.0000e+01 -1.1000e+02 9.8125e+01
1.0000e+01 -1.0000e+02 9.7260e+01
1.0000e+01 -9.0000e+01 9.6232e+01
1.0000e+01 -8.0000e+01 9.4576e+01
1.0000e+01 -7.0000e+01 9.3173e+01
1.0000e+01 -6.0000e+01 9.1625e+01
1.0000e+01 -5.0000e+01 9.0338e+01
1.0000e+01 -4.0000e+01 8.8855e+01
1.0000e+01 -3.0000e+01 8.7656e+01
1.0000e+01 -2.0000e+01 8.6430e+01
1.0000e+01 -1.0000e+01 8.5485e+01
1.0000e+01 0.0000e+00 8.5584e+01
1.0000e+01 1.0000e+01 8.5593e+01
1.0000e+01 2.0000e+01 8.6592e+01
1.0000e+01 3.0000e+01 8.7368e+01
1.0000e+01 4.0000e+01 8.8808e+01
1.0000e+01 5.0000e+01 9.0190e+01
1.0000e+01 6.0000e+01 9.1967e+01
1.0000e+01 7.0000e+01 9.3202e+01
1.0000e+01 8.0000e+01 9.4777e+01
1.0000e+01 9.0000e+01 9.5907e+01
1.0000e+01 1.0000e+02 9.7251e+01
1.0000e+01 1.1000e+02 9.7771e+01
1.0000e+01 1.2000e+02 9.8627e+01
1.0000e+01 1.3000e+02 9.9142e+01
1.0000e+01 1.4000e+02 9.9601e+01
1.0000e+01 1.5000e+02 9.9618e+01
1.0000e+01 1.6000e+02 9.9853e+01
1.0000e+01 1.7000e+02 1.0009e+02
1.0000e+01 1.8000e+02 1.0040e+02
1.0000e+01 1.9000e+02 1.0015e+02
1.0000e+01 2.0000e+02 1.0041e+02
2.0000e+01 -2.0000e+02 1.0045e+02
2.0000e+01 -1.9000e+02 1.0018e+02
2.0000e+01 -1.8000e+02 1.0030e+02
2.0000e+01 -1.7000e+02 9.9931e+01
2.0000e+01 -1.6000e+02 9.9747e+01
2.0000e+01 -1.5000e+02 9.9963e+01
2.0000e+01 -1.4000e+02 9.9573e+01
2.0000e+01 -1.3000e+02 9.9450e+01
2.0000e+01 -1.2000e+02 9.8590e+01
2.0000e+01 -1.1000e+02 9.7956e+01
2.0000e+01 -1.0000e+02 9.7343e+01
2.0000e+01 -9.0000e+01 9.6395e+01
2.0000e+01 -8.0000e+01 9.4887e+01
2.0000e+01 -7.0000e+01 9.3859e+01
2.0000e+01 -6.0000e+01 9.2089e+01
2.0000e+01 -5.0000e+01 9.0661e+01
2.0000e+01 -4.0000e+01 8.9118e+01
2.0000e+01 -3.0000e+01 8.7879e+01
2.0000e+01 -2.0000e+01 8.7138e+01
2.0000e+01 -1.0000e+01 8.6482e+01
2.0000e+01 0.0000e+00 8.5964e+01
2.0000e+01 1.0000e+01 8.6341e+01
2.0000e+01 2.0000e+01 8.7185e+01
2.0000e+01 3.0000e+01 8.7924e+01
2.0000e+01 4.0000e+01 8.9181e+01
2.0000e+01 5.0000e+01 9.0612e+01
2.0000e+01 6.0000e+01 9.1978e+01
2.0000e+01 7.0000e+01 9.3767e+01
2.0000e+01 8.0000e+01 9.5209e+01
2.0000e+01 9.0000e+01 9.6389e+01
2.0000e+01 1.0000e+02 9.7347e+01
2.0000e+01 1.1000e+02 9.8089e+01
2.0000e+01 1.2000e+02 9.8672e+01
2.0000e+01 1.3000e+02 9.9150e+01
2.0000e+01 1.4000e+02 9.9754e+01
2.0000e+01 1.5000e+02 9.9767e+01
2.0000e+01 1.6000e+02 1.0018e+02
2.0000e+01 1.7000e+02 9.9916e+01
2.0000e+01 1.8000e+02 1.0027e+02
2.0000e+01 1.9000e+02 1.0014e+02
2.0000e+01 2.0000e+02 1.0022e+02
3.0000e+01 -2.0000e+02 1.0031e+02
3.0000e+01 -1.9000e+02 1.0015e+02
3.0000e+01 -1.8000e+02 9.9932e+01
3.0000e+01 -1.7000e+02 1.0019e+02
3.0000e+01 -1.6000e+02 9.9837e+01
3.0000e+01 -1.5000e+02 9.9753e+01
3.0000e+01 -1.4000e+02 9.9563e+01
3.0000e+01 -1.3000e+02 9.9120e+01
3.0000e+01 -1.2000e+02 9.9113e+01
3.0000e+01 -1.1000e+02 9.8248e+01
3.0000e+01 -1.0000e+02 9.7445e+01
3.0000e+01 -9.0000e+01 9.6484e+01
3.0000e+01 -8.0000e+01 9.5699e+01
3.0000e+01 -7.0000e+01 9.4312e+01
3.0000e+01 -6.0000e+01 9.2851e+01
3.0000e+01 -5.0000e+01 9.1353e+01
3.0000e+01 -4.0000e+01 9.0054e+01
3.0000e+01 -3.0000e+01 8.8989e+01
3.0000e+01 -2.0000e+01 8.8020e+01
3.0000e+01 -1.0000e+01 8.7259e+01
3.0000e+01 0.0000e+00 8.7195e+01
3.0000e+01 1.0000e+01 8.7623e+01
3.0000e+01 2.0000e+01 8.8041e+01
3.0000e+01 3.0000e+01 8.8925e+01
3.0000e+01 4.0000e+01 8.9888e+01
3.0000e+01 5.0000e+01 9.1520e+01
3.0000e+01 6.0000e+01 9.3054e+01
3.0000e+01 7.0000e+01 9.4329e+01
3.0000e+01 8.0000e+01 9.5669e+01
3.0000e+01 9.0000e+01 9.6506e+01
3.0000e+01 1.0000e+02 9.7573e+01
3.0000e+01 1.1000e+02 9.8467e+01
3.0000e+01 1.2000e+02 9.8781e+01
3.0000e+01 1.3000e+02 9.9423e+01
3.0000e+01 1.4000e+02 9.9880e+01
3.0000e+01 1.5000e+02 9.9667e+01
3.0000e+01 1.6000e+02 1.0017e+02
3.0000e+01 1.7000e+02 1.0020e+02
3.0000e+01 1.8000e+02 1.0025e+02
3.0000e+01 1.9000e+02 1.0028e+02
3.0000e+01 2.0000e+02 1.0022e+02
4.0000e+01 -2.0000e+02 1.0045e+02
4.0000e+01 -1.9000e+02 1.0022e+02
4.0000e+01 -1.8000e+02 1.0022e+02
4.0000e+01 -1.7000e+02 9.9889e+01
4.0000e+01 -1.6000e+02 1.0025e+02
4.0000e+01 -1.5000e+02 1.0010e+02
4.0000e+01 -1.4000e+02 9.9878e+01
4.0000e+01 -1.3000e+02 9.9203e+01
4.0000e+01 -1.2000e+02 9.8791e+01
4.0000e+01 -1.1000e+02 9.8573e+01
4.0000e+01 -1.0000e+02 9.7841e+01
4.0000e+01 -9.0000e+01 9.7127e+01
4.0000e+01 -8.0000e+01 9.5983e+01
4.0000e+01 -7.0000e+01 9.5033e+01
4.0000e+01 -6.0000e+01 9.3698e+01
4.0000e+01 -5.0000e+01 9.2587e+01
4.0000e+01 -4.0000e+01 9.1117e+01
4.0000e+01 -3.0000e+01 9.0158e+01
4.0000e+01 -2.0000e+01 8.9101e+01
4.0000e+01 -1.0000e+01 8.8799e+01
4.0000e+01 0.0000e+00 8.8325e+01
4.0000e+01 1.0000e+01 8.8661e+01
4.0000e+01 2.0000e+01 8.9188e+01
4.0000e+01 3.0000e+01 9.0195e+01
4.0000e+01 4.0000e+01 9.0930e+01
4.0000e+01 5.0000e+01 9.2555e+01
4.0000e+01 6.0000e+01 9.3624e+01
4.0000e+01 7.0000e+01 9.4736e+01
4.0000e+01 8.0000e+01 9.6081e+01
4.0000e+01 9.0000e+01 9.6807e+01
4.0000e+01 1.0000e+02 9.7829e+01
4.0000e+01 1.1000e+02 9.8448e+01
4.0000e+01 1.2000e+02 9.8935e+01
4.0000e+01 1.3000e+02 9.9566e+01
4.0000e+01 1.4000e+02 9.9847e+01
4.0000e+01 1.5000e+02 9.9784e+01
4.0000e+01 1.6000e+02 1.0021e+02
4.0000e+01 1.7000e+02 1.0006e+02
4.0000e+01 1.8000e+02 1.0005e+02
4.0000e+01 1.9000e+02 1.0044e+02
4.0000e+01 2.0000e+02 1.0000e+02
5.0000e+01 -2.0000e+02 1.0034e+02
5.0000e+01 -1.9000e+02 1.0022e+02
5.0000e+01 -1.8000e+02 9.9951e+01
5.0000e+01 -1.7000e+02 1.0034e+02
5.0000e+01 -1.6000e+02 1.0029e+02
5.0000e+01 -1.5000e+02 1.0016e+02
5.0000e+01 -1.4000e+02 9.9812e+01
5.0000e+01 -1.3000e+02 9.9352e+01
5.0000e+01 -1.2000e+02 9.9359e+01
5.0000e+01 -1.1000e+02 9.8785e+01
5.0000e+01 -1.0000e+02 9.8267e+01
5.0000e+01 -9.0000e+01 9.7334e+01
5.0000e+01 -8.0000e+01 9.6662e+01
5.0000e+01 -7.0000e+01 9.5475e+01
5.0000e+01 -6.0000e+01 9.4232e+01
5.0000e+01 -5.0000e+01 9.3414e+01
5.0000e+01 -4.0000e+01 9.2389e+01
5.0000e+01 -3.0000e+01 9.1237e+01
5.0000e+01 -2.0000e+01 9.0566e+01
5.0000e+01 -1.0000e+01 9.0034e+01
5.0000e+01 0.0000e+00 9.0051e+01
5.0000e+01 1.0000e+01 9.0045e+01
5.0000e+01 2.0000e+01 9.0700e+01
5.0000e+01 3.0000e+01 9.1657e+01
5.0000e+01 4.0000e+01 9.2239e+01
5.0000e+01 5.0000e+01 9.3138e+01
5.0000e+01 6.0000e+01 9.4570e+01
5.0000e+01 7.0000e+01 9.5598e+01
5.0000e+01 8.0000e+01 9.6699e+01
5.0000e+01 9.0000e+01 9.7522e+01
5.0000e+01 1.0000e+02 9.8129e+01
5.0000e+01 1.1000e+02 9.8864e+01
5.0000e+01 1.2000e+02 9.9047e+01
5.0000e+01 1.3000e+02 9.9720e+01
5.0000e+01 1.4000e+02 9.9618e+01
5.0000e+01 1.5000e+02 9.9942e+01
5.0000e+01 1.6000e+02 1.0018e+02
5.0000e+01 1.7000e+02 1.0010e+02
5.0000e+01 1.8000e+02 1.0001e+02
5.0000e+01 1.9000e+02 1.0027e+02
5.0000e+01 2.0000e+02 1.0013e+02
6.0000e+01 -2.0000e+02 1.0011e+02
6.0000e+01 -1.9000e+02 1.0038e+02
6.0000e+01 -1.8000e+02 1.0028e+02
6.0000e+01 -1.7000e+02 1.0022e+02
6.0000e+01 -1.6000e+02 1.0003e+02
6.0000e+01 -1.5000e+02 9.9954e+01
6.0000e+01 -1.4000e+02 1.0006e+02
6.0000e+01 -1.3000e+02 9.9529e+01
6.0000e+01 -1.2000e+02 9.9266e+01
6.0000e+01 -1.1000e+02 9.9187e+01
6.0000e+01 -1.0000e+02 9.8292e+01
6.0000e+01 -9.0000e+01 9.7710e+01
6.0000e+01 -8.0000e+01 9.7096e+01
6.0000e+01 -7.0000e+01 9.6521e+01
6.0000e+01 -6.0000e+01 9.5391e+01
6.0000e+01 -5.0000e+01 9.4454e+01
6.0000e+01 -4.0000e+01 9.3411e+01
6.0000e+01 -3.0000e+01 9.2832e+01
6.0000e+01 -2.0000e+01 9.2160e+01
6.0000e+01 -1.0000e+01 9.1723e+01
6.0000e+01 0.0000e+00 9.1888e+01
6.0000e+01 1.0000e+01 9.1856e+01
6.0000e+01 2.0000e+01 9.2075e+01
6.0000e+01 3.0000e+01 9.2778e+01
6.0000e+01 4.0000e+01 9.3833e+01
6.0000e+01 5.0000e+01 9.4238e+01
6.0000e+01 6.0000e+01 9.5626e+01
6.0000e+01 7.0000e+01 9.6167e+01
6.0000e+01 8.0000e+01 9.6864e+01
6.0000e+01 9.0000e+01 9.7728e+01
6.0000e+01 1.0000e+02 9.8703e+01
6.0000e+01 1.1000e+02 9.9111e+01
6.0000e+01 1.2000e+02 9.9373e+01
6.0000e+01 1.3000e+02 9.9451e+01
6.0000e+01 1.4000e+02 9.9863e+01
6.0000e+01 1.5000e+02 1.0009e+02
6.0000e+01 1.6000e+02 1.0005e+02
6.0000e+01 1.7000e+02 1.0035e+02
6.0000e+01 1.8000e+02 1.0022e+02
6.0000e+01 1.9000e+02 1.0014e+02
6.0000e+01 2.0000e+02 1.0017e+02
7.0000e+01 -2.0000e+02 9.9988e+01
7.0000e+01 -1.9000e+02 1.0022e+02
7.0000e+01 -1.8000e+02 1.0004e+02
7.0000e+01 -1.7000e+02 1.0008e+02
7.0000e+01 -1.6000e+02 1.0033e+02
7.0000e+01 -1.5000e+02 9.9954e+01
7.0000e+01 -1.4000e+02 9.9994e+01
7.0000e+01 -1.3000e+02 9.9801e+01
7.0000e+01 -1.2000e+02 9.9665e+01
7.0000e+01 -1.1000e+02 9.9247e+01
7.0000e+01 -1.0000e+02 9.8698e+01
7.0000e+01 -9.0000e+01 9.8435e+01
7.0000e+01 -8.0000e+01 9.7624e+01
7.0000e+01 -7.0000e+01 9.7078e+01
7.0000e+01 -6.0000e+01 9.6200e+01
7.0000e+01 -5.0000e+01 9.5412e+01
7.0000e+01 -4.0000e+01 9.4830e+01
7.0000e+01 -3.0000e+01 9.4033e+01
7.0000e+01 -2.0000e+01 9.3605e+01
7.0000e+01 -1.0000e+01 9.3174e+01
7.0000e+01 0.0000e+00 9.3448e+01
7.0000e+01 1.0000e+01 9.3602e+01
7.0000e+01 2.0000e+01 9.3732e+01
7.0000e+01 3.0000e+01 9.4272e+01
7.0000e+01 4.0000e+01 9.4676e+01
7.0000e+01 5.0000e+01 9.5557e+01
7.0000e+01 6.0000e+01 9.6344e+01
7.0000e+01 7.0000e+01 9.7238e+01
7.0000e+01 8.0000e+01 9.7563e+01
7.0000e+01 9.0000e+01 9.8432e+01
7.0000e+01 1.0000e+02 9.8791e+01
7.0000e+01 1.1000e+02 9.8974e+01
7.0000e+01 1.2000e+02 9.9586e+01
7.0000e+01 1.3000e+02 9.9967e+01
7.0000e+01 1.4000e+02 1.0016e+02
7.0000e+01 1.5000e+02 9.9938e+01
7.0000e+01 1.6000e+02 1.0027e+02
7.0000e+01 1.7000e+02 1.0004e+02
7.0000e+01 1.8000e+02 1.0026e+02
7.0000e+01 1.9000e+02 1.0020e+02
7.0000e+01 2.0000e+02 1.0004e+02
8.0000e+01 -2.0000e+02 1.0016e+02
8.0000e+01 -1.9000e+02 1.0036e+02
8.0000e+01 -1.8000e+02 1.0033e+02
8.0000e+01 -1.7000e+02 1.0023e+02
8.0000e+01 -1.6000e+02 1.0028e+02
8.0000e+01 -1.5000e+02 1.0012e+02
8.0000e+01 -1.4000e+02 1.0003e+02
8.0000e+01 -1.3000e+02 9.9664e+01
8.0000e+01 -1.2000e+02 9.9792e+01
8.0000e+01 -1.1000e+02 9.9666e+01
8.0000e+01 -1.0000e+02 9.9146e+01
8.0000e+01 -9.0000e+01 9.8726e+01
8.0000e+01 -8.0000e+01 9.8396e+01
8.0000e+01 -7.0000e+01 9.7566e+01
8.0000e+01 -6.0000e+01 9.7068e+01
8.0000e+01 -5.0000e+01 9.6611e+01
8.0000e+01 -4.0000e+01 9.5996e+01
8.0000e+01 -3.0000e+01 9.5681e+01
8.0000e+01 -2.0000e+01 9.5205e+01
8.0000e+01 -1.0000e+01 9.4650e+01
8.0000e+01 0.0000e+00 9.4716e+01
8.0000e+01 1.0000e+01 9.4737e+01
8.0000e+01 2.0000e+01 9.4895e+01
8.0000e+01 3.0000e+01 9.5535e+01
8.0000e+01 4.0000e+01 9.5757e+01
8.0000e+01 5.0000e+01 9.6469e+01
8.0000e+01 6.0000e+01 9.7226e+01
8.0000e+01 7.0000e+01 9.7490e+01
8.0000e+01 8.0000e+01 9.8424e+01
8.0000e+01 9.0000e+01 9.8680e+01
8.0000e+01 1.0000e+02 9.9212e+01
8.0000e+01 1.1000e+02 9.9451e+01
8.0000e+01 1.2000e+02 9.9665e+01
8.0000e+01 1.3000e+02 1.0008e+02
8.0000e+01 1.4000e+02 9.9758e+01
8.0000e+01 1.5000e+02 9.9852e+01
8.0000e+01 1.6000e+02 1.0027e+02
8.0000e+01 1.7000e+02 9.9966e+01
8.0000e+01 1.8000e+02 1.0039e+02
8.0000e+01 1.9000e+02 1.0023e+02
8.0000e+01 2.0000e+02 1.0020e+02
9.0000e+01 -2.0000e+02 1.0040e+02
9.0000e+01 -1.9000e+02 1.0029e+02
9.0000e+01 -1.8000e+02 1.0014e+02
9.0000e+01 -1.7000e+02 9.9995e+01
9.0000e+01 -1.6000e+02 1.0040e+02
9.0000e+01 -1.5000e+02 9.9973e+01
9.0000e+01 -1.4000e+02 9.9923e+01
9.0000e+01 -1.3000e+02 1.0013e+02
9.0000e+01 -1.2000e+02 9.9831e+01
9.0000e+01 -1.1000e+02 9.9400e+01
9.0000e+01 -1.0000e+02 9.9150e+01
9.0000e+01 -9.0000e+01 9.8837e+01
9.0000e+01 -8.0000e+01 9.8792e+01
9.0000e+01 -7.0000e+01 9.8312e+01
9.0000e+01 -6.0000e+01 9.7936e+01
9.0000e+01 -5.0000e+01 9.7596e+01
9.0000e+01 -4.0000e+01 9.6896e+01
9.0000e+01 -3.0000e+01 9.6753e+01
9.0000e+01 -2.0000e+01 9.6186e+01
9.0000e+01 -1.0000e+01 9.6037e+01
9.0000e+01 0.0000e+00 9.5842e+01
9.0000e+01 1.0000e+01 9.6021e+01
9.0000e+01 2.0000e+01 9.6214e+01
9.0000e+01 3.0000e+01 9.6399e+01
9.0000e+01 4.0000e+01 9.7165e+01
9.0000e+01 5.0000e+01 9.7224e+01
9.0000e+01 6.0000e+01 9.7781e+01
9.0000e+01 7.0000e+01 9.8323e+01
9.0000e+01 8.0000e+01 9.8820e+01
9.0000e+01 9.0000e+01 9.9044e+01
9.0000e+01 1.0000e+02 9.9408e+01
9.0000e+01 1.1000e+02 9.9597e+01
9.0000e+01 1.2000e+02 9.9778e+01
9.0000e+01 1.3000e+02 1.0010e+02
9.0000e+01 1.4000e+02 9.9976e+01
9.0000e+01 1.5000e+02 1.0034e+02
9.0000e+01 1.6000e+02 9.9961e+01
9.0000e+01 1.7000e+02 1.0042e+02
9.0000e+01 1.8000e+02 1.0002e+02
9.0000e+01 1.9000e+02 1.0048e+02
9.0000e+01 2.0000e+02 1.0044e+02
1.0000e+02 -2.0000e+02 1.0009e+02
1.0000e+02 -1.9000e+02 1.0014e+02
1.0000e+02 -1.8000e+02 1.0026e+02
1.0000e+02 -1.7000e+02 1.0042e+02
1.0000e+02 -1.6000e+02 1.0025e+02
1.0000e+02 -1.5000e+02 9.9910e+01
1.0000e+02 -1.4000e+02 1.0009e+02
1.0000e+02 -1.3000e+02 1.0021e+02
1.0000e+02 -1.2000e+02 9.9675e+01
1.0000e+02 -1.1000e+02 9.9988e+01
1.0000e+02 -1.0000e+02 9.9578e+01
1.0000e+02 -9.0000e+01 9.9539e+01
1.0000e+02 -8.0000e+01 9.8905e+01
1.0000e+02 -7.0000e+01 9.8987e+01
1.0000e+02 -6.0000e+01 9.8567e+01
1.0000e+02 -5.0000e+01 9.7972e+01
1.0000e+02 -4.0000e+01 9.7788e+01
1.0000e+02 -3.0000e+01 9.7425e+01
1.0000e+02 -2.0000e+01 9.7366e+01
1.0000e+02 -1.0000e+01 9.7295e+01
1.0000e+02 0.0000e+00 9.7051e+01
1.0000e+02 1.0000e+01 9.7202e+01
1.0000e+02 2.0000e+01 9.7171e+01
1.0000e+02 3.0000e+01 9.7346e+01
1.0000e+02 4.0000e+01 9.7884e+01
1.0000e+02 5.0000e+01 9.8132e+01
1.0000e+02 6.0000e+01 9.8326e+01
1.0000e+02 7.0000e+01 9.8696e+01
1.0000e+02 8.0000e+01 9.8894e+01
1.0000e+02 9.0000e+01 9.9546e+01
1.0000e+02 1.0000e+02 9.9721e+01
1.0000e+02 1.1000e+02 9.9590e+01
1.0000e+02 1.2000e+02 9.9831e+01
1.0000e+02 1.3000e+02 9.9872e+01
1.0000e+02 1.4000e+02 9.9983e+01
1.0000e+02 1.5000e+02 1.0019e+02
1.0000e+02 1.6000e+02 1.0001e+02
1.0000e+02 1.7000e+02 1.0006e+02
1.0000e+02 1.8000e+02 1.0009e+02
1.0000e+02 1.9000e+02 1.0010e+02
1.0000e+02 2.0000e+02 1.0004e+02
1.1000e+02 -2.0000e+02 1.0027e+02
1.1000e+02 -1.9000e+02 1.0007e+02
1.1000e+02 -1.8000e+02 9.9995e+01
1.1000e+02 -1.7000e+02 1.0029e+02
1.1000e+02 -1.6000e+02 1.0007e+02
1.1000e+02 -1.5000e+02 1.0041e+02
1.1000e+02 -1.4000e+02 1.0016e+02
1.1000e+02 -1.3000e+02 1.0029e+02
1.1000e+02 -1.2000e+02 9.9986e+01
1.1000e+02 -1.1000e+02 9.9864e+01
1.1000e+02 -1.0000e+02 9.9972e+01
1.1000e+02 -9.0000e+01 9.9561e+01
1.1000e+02 -8.0000e+01 9.9298e+01
1.1000e+02 -7.0000e+01 9.8954e+01
1.1000e+02 -6.0000e+01 9.8949e+01
1.1000e+02 -5.0000e+01 9.8624e+01
1.1000e+02 -4.0000e+01 9.8259e+01
1.1000e+02 -3.0000e+01 9.8263e+01
1.1000e+02 -2.0000e+01 9.8056e+01
1.1000e+02 -1.0000e+01 9.7818e+01
1.1000e+02 0.0000e+00 9.8174e+01
1.1000e+02 1.0000e+01 9.8196e+01
1.1000e+02 2.0000e+01 9.8055e+01
1.1000e+02 3.0000e+01 9.8494e+01
1.1000e+02 4.0000e+01 9.8445e+01
1.1000e+02 5.0000e+01 9.8566e+01
1.1000e+02 6.0000e+01 9.9064e+01
1.1000e+02 7.0000e+01 9.9023e+01
1.1000e+02 8.0000e+01 9.9286e+01
1.1000e+02 9.0000e+01 9.9445e+01
1.1000e+02 1.0000e+02 9.9710e+01
1.1000e+02 1.1000e+02 9.9994e+01
1.1000e+02 1.2000e+02 1.0000e+02
1.1000e+02 1.3000e+02 9.9870e+01
1.1000e+02 1.4000e+02 1.0031e+02
1.1000e+02 1.5000e+02 1.0000e+02
1.1000e+02 1.6000e+02 9.9965e+01
1.1000e+02 1.7000e+02 1.0038e+02
1.1000e+02 1.8000e+02 1.0001e+02
1.1000e+02 1.9000e+02 1.0043e+02
1.1000e+02 2.0000e+02 1.0018e+02
1.2000e+02 -2.0000e+02 1.0013e+02
1.2000e+02 -1.9000e+02 1.0019e+02
1.2000e+02 -1.8000e+02 1.0027e+02
1.2000e+02 -1.7000e+02 1.0034e+02
1.2000e+02 -1.6000e+02 1.0001e+02
1.2000e+02 -1.5000e+02 1.0007e+02
1.2000e+02 -1.4000e+02 1.0028e+02
1.2000e+02 -1.3000e+02 1.0029e+02
1.2000e+02 -1.2000e+02 1.0025e+02
1.2000e+02 -1.1000e+02 1.0011e+02
1.2000e+02 -1.0000e+02 1.0015e+02
1.2000e+02 -9.0000e+01 9.9760e+01
1.2000e+02 -8.0000e+01 9.9812e+01
1.2000e+02 -7.0000e+01 9.9477e+01
1.2000e+02 -6.0000e+01 9.9350e+01
1.2000e+02 -5.0000e+01 9.8962e+01
1.2000e+02 -4.0000e+01 9.8775e+01
1.2000e+02 -3.0000e+01 9.8902e+01
1.2000e+02 -2.0000e+01 9.8921e+01
1.2000e+02 -1.0000e+01 9.8748e+01
1.2000e+02 0.0000e+00 9.8791e+01
1.2000e+02 1.0000e+01 9.8693e+01
1.2000e+02 2.0000e+01 9.8707e+01
1.2000e+02 3.0000e+01 9.8777e+01
1.2000e+02 4.0000e+01 9.8900e+01
1.2000e+02 5.0000e+01 9.9092e+01
1.2000e+02 6.0000e+01 9.9434e+01
1.2000e+02 7.0000e+01 9.9280e+01
1.2000e+02 8.0000e+01 9.9742e+01
1.2000e+02 9.0000e+01 1.0005e+02
1.2000e+02 1.0000e+02 9.9877e+01
1.2000e+02 1.1000e+02 9.9981e+01
1.2000e+02 1.2000e+02 1.0015e+02
1.2000e+02 1.3000e+02 9.9941e+01
1.2000e+02 1.4000e+02 1.0005e+02
1.2000e+02 1.5000e+02 1.0001e+02
1.2000e+02 1.6000e+02 1.0004e+02
1.2000e+02 1.7000e+02 1.0036e+02
1.2000e+02 1.8000e+02 1.0011e+02
1.2000e+02 1.9000e+02 1.0013e+02
1.2000e+02 2.0000e+02 1.0016e+02
1.3000e+02 -2.0000e+02 1.0041e+02
1.3000e+02 -1.9000e+02 1.0020e+02
1.3000e+02 -1.8000e+02 1.0014e+02
1.3000e+02 -1.7000e+02 1.0014e+02
1.3000e+02 -1.6000e+02 1.0015e+02
1.3000e+02 -1.5000e+02 1.0028e+02
1.3000e+02 -1.4000e+02 1.0005e+02
1.3000e+02 -1.3000e+02 9.9964e+01
1.3000e+02 -1.2000e+02 1.0015e+02
1.3000e+02 -1.1000e+02 1.0012e+02
1.3000e+02 -1.0000e+02 9.9823e+01
1.3000e+02 -9.0000e+01 1.0008e+02
1.3000e+02 -8.0000e+01 9.9943e+01
1.3000e+02 -7.0000e+01 9.9975e+01
1.3000e+02 -6.0000e+01 9.9558e+01
1.3000e+02 -5.0000e+01 9.9394e+01
1.3000e+02 -4.0000e+01 9.9263e+01
1.3000e+02 -3.0000e+01 9.9293e+01
1.3000e+02 -2.0000e+01 9.9073e+01
1.3000e+02 -1.0000e+01 9.9106e+01
1.3000e+02 0.0000e+00 9.9426e+01
1.3000e+02 1.0000e+01 9.9145e+01
1.3000e+02 2.0000e+01 9.9462e+01
1.3000e+02 3.0000e+01 9.9525e+01
1.3000e+02 4.0000e+01 9.9325e+01
1.3000e+02 5.0000e+01 9.9346e+01
1.3000e+02 6.0000e+01 9.9882e+01
1.3000e+02 7.0000e+01 9.9652e+01
1.3000e+02 8.0000e+01 9.9852e+01
1.3000e+02 9.0000e+01 9.9783e+01
1.3000e+02 1.0000e+02 9.9976e+01
1.3000e+02 1.1000e+02 1.0023e+02
1.3000e+02 1.2000e+02 1.0016e+02
1.3000e+02 1.3000e+02 1.0030e+02
1.3000e+02 1.4000e+02 1.0007e+02
1.3000e+02 1.5000e+02 1.0010e+02
1.3000e+02 1.6000e+02 1.0009e+02
1.3000e+02 1.7000e+02 1.0034e+02
1.3000e+02 1.8000e+02 1.0022e+02
1.3000e+02 1.9000e+02 1.0007e+02
1.3000e+02 2.0000e+02 1.0043e+02
1.4000e+02 -2.0000e+02 1.0033e+02
1.4000e+02 -1.9000e+02 1.0048e+02
1.4000e+02 -1.8000e+02 1.0011e+02
1.4000e+02 -1.7000e+02 1.0025e+02
1.4000e+02 -1.6000e+02 1.0008e+02
1.4000e+02 -1.5000e+02 1.0020e+02
1.4000e+02 -1.4000e+02 1.0046e+02
1.4000e+02 -1.3000e+02 9.9958e+01
1.4000e+02 -1.2000e+02 1.0038e+02
1.4000e+02 -1.1000e+02 1.0009e+02
1.4000e+02 -1.0000e+02 1.0022e+02
1.4000e+02 -9.0000e+01 9.9964e+01
1.4000e+02 -8.0000e+01 1.0005e+02
1.4000e+02 -7.0000e+01 9.9746e+01
1.4000e+02 -6.0000e+01 9.9930e+01
1.4000e+02 -5.0000e+01 9.9749e+01
1.4000e+02 -4.0000e+01 9.9733e+01
1.4000e+02 -3.0000e+01 9.9652e+01
1.4000e+02 -2.0000e+01 9.9610e+01
1.4000e+02 -1.0000e+01 9.9392e+01
1.4000e+02 0.0000e+00 9.9428e+01
1.4000e+02 1.0000e+01 9.9521e+01
1.4000e+02 2.0000e+01 9.9410e+01
1.4000e+02 3.0000e+01 9.9431e+01
1.4000e+02 4.0000e+01 9.9783e+01
1.4000e+02 5.0000e+01 9.9747e+01
1.4000e+02 6.0000e+01 9.9630e+01
1.4000e+02 7.0000e+01 9.9864e+01
1.4000e+02 8.0000e+01 1.0001e+02
1.4000e+02 9.0000e+01 1.0012e+02
1.4000e+02 1.0000e+02 1.0021e+02
1.4000e+02 1.1000e+02 1.0003e+02
1.4000e+02 1.2000e+02 1.0009e+02
1.4000e+02 1.3000e+02 1.0004e+02
1.4000e+02 1.4000e+02 9.9973e+01
1.4000e+02 1.5000e+02 1.0022e+02
1.4000e+02 1.6000e+02 1.0027e+02
1.4000e+02 1.7000e+02 1.0027e+02
1.4000e+02 1.8000e+02 1.0044e+02
1.4000e+02 1.9000e+02 1.0006e+02
1.4000e+02 2.0000e+02 1.0033e+02
1.5000e+02 -2.0000e+02 1.0031e+02
1.5000e+02 -1.9000e+02 1.0013e+02
1.5000e+02 -1.8000e+02 1.0031e+02
1.5000e+02 -1.7000e+02 1.0027e+02
1.5000e+02 -1.6000e+02 1.0045e+02
1.5000e+02 -1.5000e+02 1.0005e+02
1.5000e+02 -1.4000e+02 1.0004e+02
1.5000e+02 -1.3000e+02 1.0023e+02
1.5000e+02 -1.2000e+02 1.0023e+02
1.5000e+02 -1.1000e+02 1.0010e+02
1.5000e+02 -1.0000e+02 9.9953e+01
1.5000e+02 -9.0000e+01 1.0002e+02
1.5000e+02 -8.0000e+01 1.0033e+02
1.5000e+02 -7.0000e+01 1.0008e+02
1.5000e+02 -6.0000e+01 1.0005e+02
1.5000e+02 -5.0000e+01 9.9731e+01
1.5000e+02 -4.0000e+01 1.0009e+02
1.5000e+02 -3.0000e+01 9.9959e+01
1.5000e+02 -2.0000e+01 9.9881e+01
1.5000e+02 -1.0000e+01 9.9821e+01
1.5000e+02 0.0000e+00 9.9793e+01
1.5000e+02 1.0000e+01 1.0002e+02
1.5000e+02 2.0000e+01 9.9949e+01
1.5000e+02 3.0000e+01 9.9680e+01
1.5000e+02 4.0000e+01 1.0005e+02
1.5000e+02 5.0000e+01 1.0005e+02
1.5000e+02 6.0000e+01 9.9918e+01
1.5000e+02 7.0000e+01 1.0018e+02
1.5000e+02 8.0000e+01 1.0016e+02
1.5000e+02 9.0000e+01 9.9967e+01
1.5000e+02 1.0000e+02 1.0002e+02
1.5000e+02 1.1000e+02 1.0041e+02
1.5000e+02 1.2000e+02 1.0016e+02
1.5000e+02 1.3000e+02 1.0001e+02
1.5000e+02 1.4000e+02 1.0037e+02
1.5000e+02 1.5000e+02 1.0025e+02
1.5000e+02 1.6000e+02 9.9995e+01
1.5000e+02 1.7000e+02 1.0045e+02
1.5000e+02 1.8000e+02 1.0038e+02
1.5000e+02 1.9000e+02 1.0022e+02
1.5000e+02 2.0000e+02 1.0010e+02
1.6000e+02 -2.0000e+02 1.0031e+02
1.6000e+02 -1.9000e+02 1.0045e+02
1.6000e+02 -1.8000e+02 1.0033e+02
1.6000e+02 -1.7000e+02 1.0015e+02
1.6000e+02 -1.6000e+02 1.0045e+02
1.6000e+02 -1.5000e+02 1.0020e+02
1.6000e+02 -1.4000e+02 1.0019e+02
1.6000e+02 -1.3000e+02 1.0017e+02
1.6000e+02 -1.2000e+02 1.0020e+02
1.6000e+02 -1.1000e+02 1.0039e+02
1.6000e+02 -1.0000e+02 1.0043e+02
1.6000e+02 -9.0000e+01 1.0029e+02
1.6000e+02 -8.0000e+01 1.0034e+02
1.6000e+02 -7.0000e+01 1.0031e+02
1.6000e+02 -6.0000e+01 9.9887e+01
1.6000e+02 -5.0000e+01 9.9865e+01
1.6000e+02 -4.0000e+01 9.9844e+01
1.6000e+02 -3.0000e+01 9.9987e+01
1.6000e+02 -2.0000e+01 1.0013e+02
1.6000e+02 -1.0000e+01 1.0017e+02
1.6000e+02 0.0000e+00 9.9936e+01
1.6000e+02 1.0000e+01 1.0011e+02
1.6000e+02 2.0000e+01 1.0018e+02
1.6000e+02 3.0000e+01 9.9954e+01
1.6000e+02 4.0000e+01 1.0021e+02
1.6000e+02 5.0000e+01 9.9854e+01
1.6000e+02 6.0000e+01 1.0017e+02
1.6000e+02 7.0000e+01 9.9978e+01
1.6000e+02 8.0000e+01 9.9923e+01
1.6000e+02 9.0000e+01 1.0031e+02
1.6000e+02 1.0000e+02 1.0044e+02
1.6000e+02 1.1000e+02 1.0038e+02
1.6000e+02 1.2000e+02 1.0047e+02
1.6000e+02 1.3000e+02 1.0039e+02
1.6000e+02 1.4000e+02 1.0047e+02
1.6000e+02 1.5000e+02 1.0005e+02
1.6000e+02 1.6000e+02 1.0017e+02
1.6000e+02 1.7000e+02 1.0009e+02
1.6000e+02 1.8000e+02 1.0011e+02
1.6000e+02 1.9000e+02 1.0043e+02
1.6000e+02 2.0000e+02 1.0000e+02
1.7000e+02 -2.0000e+02 1.0006e+02
1.7000e+02 -1.9000e+02 1.0030e+02
1.7000e+02 -1.8000e+02 1.0048e+02
1.7000e+02 -1.7000e+02 1.0043e+02
1.7000e+02 -1.6000e+02 1.0033e+02
1.7000e+02 -1.5000e+02 1.0004e+02
1.7000e+02 -1.4000e+02 1.0007e+02
1.7000e+02 -1.3000e+02 1.0002e+02
1.7000e+02 -1.2000e+02 1.0046e+02
1.7000e+02 -1.1000e+02 1.0026e+02
1.7000e+02 -1.0000e+02 1.0041e+02
1.7000e+02 -9.0000e+01 1.0024e+02
1.7000e+02 -8.0000e+01 1.0010e+02
1.7000e+02 -7.0000e+01 1.0019e+02
1.7000e+02 -6.0000e+01 9.9944e+01
1.7000e+02 -5.0000e+01 1.0020e+02
1.7000e+02 -4.0000e+01 9.9975e+01
1.7000e+02 -3.0000e+01 1.0012e+02
1.7000e+02 -2.0000e+01 9.9921e+01
1.7000e+02 -1.0000e+01 9.9953e+01
1.7000e+02 0.0000e+00 1.0008e+02
1.7000e+02 1.0000e+01 1.0011e+02
1.7000e+02 2.0000e+01 1.0010e+02
1.7000e+02 3.0000e+01 1.0020e+02
1.7000e+02 4.0000e+01 1.0002e+02
1.7000e+02 5.0000e+01 1.0002e+02
1.7000e+02 6.0000e+01 1.0004e+02
1.7000e+02 7.0000e+01 1.0007e+02
1.7000e+02 8.0000e+01 1.0033e+02
1.7000e+02 9.0000e+01 1.0006e+02
1.7000e+02 1.0000e+02 1.0044e+02
1.7000e+02 1.1000e+02 1.0010e+02
1.7000e+02 1.2000e+02 1.0041e+02
1.7000e+02 1.3000e+02 1.0020e+02
1.7000e+02 1.4000e+02 1.0049e+02
1.7000e+02 1.5000e+02 1.0034e+02
1.7000e+02 1.6000e+02 1.0049e+02
1.7000e+02 1.7000e+02 1.0014e+02
1.7000e+02 1.8000e+02 1.0025e+02
1.7000e+02 1.9000e+02 1.0003e+02
1.7000e+02 2.0000e+02 1.0030e+02
1.8000e+02 -2.0000e+02 1.0004e+02
1.8000e+02 -1.9000e+02 1.0011e+02
1.8000e+02 -1.8000e+02 1.0013e+02
1.8000e+02 -1.7000e+02 1.0029e+02
1.8000e+02 -1.6000e+02 1.0026e+02
1.8000e+02 -1.5000e+02 1.0046e+02
1.8000e+02 -1.4000e+02 1.0024e+02
1.8000e+02 -1.3000e+02 1.0029e+02
1.8000e+02 -1.2000e+02 1.0026e+02
1.8000e+02 -1.1000e+02 1.0007e+02
1.8000e+02 -1.0000e+02 1.0018e+02
1.8000e+02 -9.0000e+01 1.0046e+02
1.8000e+02 -8.0000e+01 1.0033e+02
1.8000e+02 -7.0000e+01 1.0002e+02
1.8000e+02 -6.0000e+01 1.0012e+02
1.8000e+02 -5.0000e+01 9.9980e+01
1.8000e+02 -4.0000e+01 1.0013e+02
1.8000e+02 -3.0000e+01 9.9971e+01
1.8000e+02 -2.0000e+01 1.0006e+02
1.8000e+02 -1.0000e+01 9.9945e+01
1.8000e+02 0.0000e+00 1.0039e+02
1.8000e+02 1.0000e+01 1.0019e+02
1.8000e+02 2.0000e+01 1.0003e+02
1.8000e+02 3.0000e+01 1.0024e+02
1.8000e+02 4.0000e+01 1.0017e+02
1.8000e+02 5.0000e+01 1.0039e+02
1.8000e+02 6.0000e+01 9.9996e+01
1.8000e+02 7.0000e+01 1.0040e+02
1.8000e+02 8.0000e+01 1.0003e+02
1.8000e+02 9.0000e+01 1.0035e+02
1.8000e+02 1.0000e+02 1.0035e+02
1.8000e+02 1.1000e+02 1.0029e+02
1.8000e+02 1.2000e+02 1.0037e+02
1.8000e+02 1.3000e+02 1.0037e+02
1.8000e+02 1.4000e+02 1.0047e+02
1.8000e+02 1.5000e+02 1.0015e+02
1.8000e+02 1.6000e+02 1.0020e+02
1.8000e+02 1.7000e+02 1.0042e+02
1.8000e+02 1.8000e+02 1.0042e+02
1.8000e+02 1.9000e+02 1.0048e+02
1.8000e+02 2.0000e+02 1.0027e+02
1.9000e+02 -2.0000e+02 1.0033e+02
1.9000e+02 -1.9000e+02 1.0031e+02
1.9000e+02 -1.8000e+02 1.0027e+02
1.9000e+02 -1.7000e+02 1.0034e+02
1.9000e+02 -1.6000e+02 1.0020e+02
1.9000e+02 -1.5000e+02 1.0027e+02
1.9000e+02 -1.4000e+02 1.0034e+02
1.9000e+02 -1.3000e+02 1.0017e+02
1.9000e+02 -1.2000e+02 1.0032e+02
1.9000e+02 -1.1000e+02 1.0003e+02
1.9000e+02 -1.0000e+02 1.0035e+02
1.9000e+02 -9.0000e+01 1.0041e+02
1.9000e+02 -8.0000e+01 1.0007e+02
1.9000e+02 -7.0000e+01 1.0042e+02
1.9000e+02 -6.0000e+01 1.0029e+02
1.9000e+02 -5.0000e+01 1.0037e+02
1.9000e+02 -4.0000e+01 1.0040e+02
1.9000e+02 -3.0000e+01 1.0040e+02
1.9000e+02 -2.0000e+01 1.0036e+02
1.9000e+02 -1.0000e+01 1.0024e+02
1.9000e+02 0.0000e+00 1.0017e+02
1.9000e+02 1.0000e+01 1.0013e+02
1.9000e+02 2.0000e+01 1.0010e+02
1.9000e+02 3.0000e+01 1.0022e+02
1.9000e+02 4.0000e+01 1.0041e+02
1.9000e+02 5.0000e+01 1.0016e+02
1.9000e+02 6.0000e+01 1.0042e+02
1.9000e+02 7.0000e+01 1.0039e+02
1.9000e+02 8.0000e+01 1.0029e+02
1.9000e+02 9.0000e+01 1.0030e+02
1.9000e+02 1.0000e+02 1.0036e+02
1.9000e+02 1.1000e+02 1.0006e+02
1.9000e+02 1.2000e+02 1.0034e+02
1.9000e+02 1.3000e+02 1.0039e+02
1.9000e+02 1.4000e+02 1.0039e+02
1.9000e+02 1.5000e+02 1.0048e+02
1.9000e+02 1.6000e+02 1.0041e+02
1.9000e+02 1.7000e+02 1.0034e+02
1.9000e+02 1.8000e+02 1.0038e+02
1.9000e+02 1.9000e+02 1.0036e+02
1.9000e+02 2.0000e+02 1.0042e+02
2.0000e+02 -2.0000e+02 1.0022e+02
2.0000e+02 -1.9000e+02 1.0047e+02
2.0000e+02 -1.8000e+02 1.0011e+02
2.0000e+02 -1.7000e+02 1.0030e+02
2.0000e+02 -1.6000e+02 1.0029e+02
2.0000e+02 -1.5000e+02 1.0002e+02
2.0000e+02 -1.4000e+02 1.0031e+02
2.0000e+02 -1.3000e+02 1.0033e+02
2.0000e+02 -1.2000e+02 1.0047e+02
2.0000e+02 -1.1000e+02 1.0044e+02
2.0000e+02 -1.0000e+02 1.0043e+02
2.0000e+02 -9.0000e+01 1.0027e+02
2.0000e+02 -8.0000e+01 1.0026e+02
2.0000e+02 -7.0000e+01 1.0001e+02
2.0000e+02 -6.0000e+01 1.0032e+02
2.0000e+02 -5.0000e+01 1.0038e+02
2.0000e+02 -4.0000e+01 1.0009e+02
2.0000e+02 -3.0000e+01 1.0009e+02
2.0000e+02 -2.0000e+01 1.0029e+02
2.0000e+02 -1.0000e+01 9.9986e+01
2.0000e+02 0.0000e+00 1.0004e+02
2.0000e+02 1.0000e+01 1.0021e+02
2.0000e+02 2.0000e+01 1.0042e+02
2.0000e+02 3.0000e+01 1.0022e+02
2.0000e+02 4.0000e+01 1.0031e+02
2.0000e+02 5.0000e+01 1.0045e+02
2.0000e+02 6.0000e+01 1.0036e+02
2.0000e+02 7.0000e+01 1.0048e+02
2.0000e+02 8.0000e+01 1.0034e+02
2.0000e+02 9.0000e+01 1.0034e+02
2.0000e+02 1.0000e+02 1.0012e+02
2.0000e+02 1.1000e+02 1.0020e+02
2.0000e+02 1.2000e+02 1.0028e+02
2.0000e+02 1.3000e+02 1.0030e+02
2.0000e+02 1.4000e+02 1.0042e+02
2.0000e+02 1.5000e+02 1.0024e+02
2.0000e+02 1.6000e+02 1.0006e+02
2.0000e+02 1.7000e+02 1.0041e+02
2.0000e+02 1.8000e+02 1.0025e+02
2.0000e+02 1.9000e+02 1.0005e+02
2.0000e+02 2.0000e+02 1.0003e+02
