
/	CG-5 SOFTWARE VER.:  4.2
/	CG-5 SURVEY
/	Survey name:   	ant
/	Instrument S/N:	41050
/	Client:        	mar
/	Operator:      	mar
/	Date:          	2024/ 1/ 6
/	Time:          	09:15:04
/	LONG:        	100.6000000 E
/	LAT:         	66.3000000 S
/	ZONE:        	49      
/	GMT DIFF.:   	8.0 

/	CG-5 SETUP PARAMETERS
/	Gref:		0.000   
/	Gcal1:		8085.196
/	TiltxS:		717.226 
/	TiltyS:		854.616 
/	TiltxO:		44.582  
/	TiltyO:		51.873  
/	Tempco:		-0.130  
/	Drift:		-0.020  
/	DriftTime Start:	09:15:08
/	DriftDate Start:	2024/01/06

/	CG-5 OPTIONS
/	Tide Correction:    YES
/	Cont. Tilt:          NO
/	Auto Rejection:     YES
/	Terrain Corr.:       NO
/	Seismic Filter:     YES
/	Raw Data:           YES
/------LINE-----STATION-----ALT.------GRAV.---SD.--TILTX--TILTY-TEMP---TIDE---DUR-REJ-----TIME----DEC.TIME+DATE--TERRAIN---DATE
 0.0000000  5000.0000000   20.0682   6491.527 0.051   72.9   93.2 -3.43 -0.085  30   0 10:47:19     45283.44881    0.0000  2024/01/24
 0.0000000  5000.0000000   20.3123   6491.618 0.073   48.4   78.9 -3.50 -0.085  30   0 10:49:36     45283.45039    0.0000  2024/01/24
 0.0000000  5000.0000000   20.3123   6491.577 0.087   46.7   83.0 -3.56 -0.085  30   0 10:51:18     45283.45157    0.0000  2024/01/24
 0.0000000  5000.0000000   20.5565   6491.516 0.904   33.1   80.9 -3.62 -0.085  30   5 10:52:49     45283.45262    0.0000  2024/01/24
 0.0000000  5001.0000000   19.5799   6491.633 0.211   36.6  113.4 -3.83 -0.085  30   0 11:01:16     45283.45848    0.0000  2024/01/24
 0.0000000  5001.0000000   19.5799   6491.817 0.122   20.0  159.6 -3.84 -0.085  30   0 11:02:45     45283.45951    0.0000  2024/01/24
 0.0000000  5001.0000000   19.5799   6491.856 0.107  -23.3  187.7 -3.86 -0.085  30   0 11:04:27     45283.46069    0.0000  2024/01/24
 0.0000000  5002.0000000   18.6033   6491.747 0.047   20.8   72.8 -3.91 -0.084  30   0 11:13:44     45283.46712    0.0000  2024/01/24
 0.0000000  5002.0000000   18.8475   6491.665 0.052   46.3    6.5 -3.91 -0.084  30   0 11:15:18     45283.46821    0.0000  2024/01/24
 0.0000000  5002.0000000   18.8475   6491.668 0.049   69.4   -1.2 -3.91 -0.084  30   1 11:17:00     45283.46939    0.0000  2024/01/24
 0.0000000  5003.0000000   17.6268   6492.323 0.100  -63.1  280.4 -3.91 -0.084  30   0 11:23:49     45283.47411    0.0000  2024/01/24
 0.0000000  5003.0000000   17.8709   6492.110 0.073  -12.6  218.0 -3.90 -0.084  30   0 11:25:39     45283.47538    0.0000  2024/01/24
 0.0000000  5003.0000000   18.3592   6491.986 0.197  -26.6  187.4 -3.89 -0.084  30   0 11:27:39     45283.47677    0.0000  2024/01/24
 0.0000000  5004.0000000   18.3592   6492.021 0.110  172.1  103.6 -3.89 -0.084  30   0 11:33:20     45283.48071    0.0000  2024/01/24
 0.0000000  5004.0000000   18.3592   6491.727 0.210   26.1   48.6 -3.89 -0.084  30   0 11:35:06     45283.48194    0.0000  2024/01/24
 0.0000000  5004.0000000   18.3592   6491.819 0.088  -17.4   33.5 -3.89 -0.084  30   0 11:36:44     45283.48307    0.0000  2024/01/24
 0.0000000  5005.0000000   18.1151   6491.980 0.036  -21.1  140.4 -3.96 -0.083  30   0 11:46:09     45283.48960    0.0000  2024/01/24
 0.0000000  5005.0000000   18.3592   6491.985 0.037  -10.3  115.1 -3.96 -0.083  30   0 11:47:46     45283.49072    0.0000  2024/01/24
 0.0000000  5005.0000000   18.6033   6491.846 0.063   -6.0  110.3 -3.96 -0.083  30   0 11:49:22     45283.49183    0.0000  2024/01/24
 0.0000000  5006.0000000   17.8709   6491.895 0.029   -3.0   18.9 -3.96 -0.082  30   0 11:57:39     45283.49757    0.0000  2024/01/24
 0.0000000  5006.0000000   18.1151   6491.939 0.124   22.7   73.1 -3.96 -0.082  30   0 11:59:28     45283.49883    0.0000  2024/01/24
 0.0000000  5006.0000000   18.3592   6491.954 0.168   21.7   80.6 -3.96 -0.082  30   0 12:01:16     45283.50008    0.0000  2024/01/24
 0.0000000  5007.0000000   18.1151   6492.119 0.108 -171.3  -36.9 -3.96 -0.082  30   0 12:08:54     45283.50537    0.0000  2024/01/24
 0.0000000  5007.0000000   18.6033   6491.965 0.137  -90.9  -19.6 -3.94 -0.081  30   0 12:11:11     45283.50695    0.0000  2024/01/24
 0.0000000  5007.0000000   18.3592   6492.030 0.080  -92.2    5.0 -3.93 -0.081  30   0 12:13:22     45283.50847    0.0000  2024/01/24
 0.0000000  5008.0000000   18.1151   6492.012 0.028    0.0   31.5 -3.93 -0.081  30   0 12:18:35     45283.51208    0.0000  2024/01/24
 0.0000000  5008.0000000   18.3592   6491.970 0.035  -12.0   37.4 -3.92 -0.081  30   0 12:20:33     45283.51345    0.0000  2024/01/24
 0.0000000  5008.0000000   18.8475   6491.994 0.041  -58.3   61.7 -3.91 -0.081  30   0 12:22:47     45283.51500    0.0000  2024/01/24
 0.0000000  5009.0000000   19.0916   6492.252 0.048  -37.2  140.2 -3.95 -0.080  30   0 12:26:58     45283.51790    0.0000  2024/01/24
 0.0000000  5009.0000000   19.3358   6492.172 0.180   -9.4  101.0 -3.91 -0.080  30   0 12:29:08     45283.51940    0.0000  2024/01/24
 0.0000000  5009.0000000   19.3358   6492.040 0.153  -14.0   89.2 -3.90 -0.080  30   0 12:30:58     45283.52067    0.0000  2024/01/24
 0.0000000  5009.0000000   19.3358   6492.102 0.037  -20.0   85.9 -3.90 -0.080  30   0 12:33:27     45283.52239    0.0000  2024/01/24
 0.0000000  5010.0000000   18.8475   6492.261 0.275   27.3   81.9 -3.92 -0.079  30   0 12:39:09     45283.52634    0.0000  2024/01/24
 0.0000000  5010.0000000   18.6033   6492.168 0.084   20.5   99.0 -3.91 -0.079  30   0 12:41:45     45283.52815    0.0000  2024/01/24
 0.0000000  5010.0000000   19.0916   6492.145 0.039   22.3   85.8 -3.90 -0.079  30   0 12:43:33     45283.52939    0.0000  2024/01/24
 0.0000000  5011.0000000   19.0916   6492.441 0.098   60.8  184.3 -3.90 -0.078  30   0 12:48:36     45283.53290    0.0000  2024/01/24
 0.0000000  5011.0000000   19.3358   6492.410 0.057   59.4  164.9 -3.89 -0.078  30   0 12:50:56     45283.53451    0.0000  2024/01/24
 0.0000000  5011.0000000   19.5799   6492.372 0.042   67.2  142.4 -3.89 -0.078  30   0 12:52:55     45283.53589    0.0000  2024/01/24
 0.0000000  5012.0000000   18.3592   6492.654 0.102 -201.3 -146.9 -3.90 -0.077  30   0 13:00:19     45283.54102    0.0000  2024/01/24
 0.0000000  5012.0000000   18.1151   6492.366 0.162 -133.3 -108.5 -3.88 -0.076  30   0 13:02:35     45283.54259    0.0000  2024/01/24
 0.0000000  5012.0000000   18.3592   6492.398 0.069 -114.1 -102.1 -3.88 -0.076  30   0 13:04:24     45283.54385    0.0000  2024/01/24
 0.0000000  5013.0000000   17.6268   6492.250 0.072  -23.9   54.9 -3.92 -0.075  30   0 13:09:22     45283.54729    0.0000  2024/01/24
 0.0000000  5013.0000000   17.8709   6492.390 0.115  -90.8   82.9 -3.92 -0.075  30   0 13:12:22     45283.54937    0.0000  2024/01/24
 0.0000000  5013.0000000   17.8709   6492.370 0.214  -82.7  103.7 -3.93 -0.075  30   0 13:14:43     45283.55100    0.0000  2024/01/24
 0.0000000  5014.0000000   17.8709   6493.567 0.209 -116.2  392.7 -3.99 -0.074  30   0 13:18:39     45283.55373    0.0000  2024/01/24
 0.0000000  5014.0000000   17.6268   6492.528 0.059  -36.3  180.9 -3.96 -0.074  30   0 13:20:49     45283.55523    0.0000  2024/01/24
 0.0000000  5014.0000000   17.6268   6492.395 0.066   -9.8  121.1 -3.96 -0.073  30   0 13:23:17     45283.55694    0.0000  2024/01/24
 0.0000000  5000.0000000   15.4295   6491.435 0.065  -66.3   50.4 -3.69 -0.070  30   0 13:44:19     45283.57153    0.0000  2024/01/24
 0.0000000  5000.0000000   15.9178   6491.428 0.069  -47.4   15.4 -3.67 -0.070  30   0 13:46:23     45283.57296    0.0000  2024/01/24
 0.0000000  5000.0000000   16.8944   6491.451 0.066  -48.1   -8.1 -3.68 -0.069  30   0 13:48:35     45283.57448    0.0000  2024/01/24
 0.0000000  4999.0000000   20.0682   6491.305 0.119   15.9   20.6 -3.86 -0.065  30   0 14:11:06     45283.59010    0.0000  2024/01/24
 0.0000000  4999.0000000   19.8240   6491.289 0.099  -13.8    1.4 -3.85 -0.064  30   1 14:13:24     45283.59169    0.0000  2024/01/24
 0.0000000  4999.0000000   19.8240   6491.321 0.090  -18.4   17.5 -3.84 -0.064  30   0 14:15:08     45283.59289    0.0000  2024/01/24
 0.0000000  4998.0000000   19.5799   6491.329 0.249  -39.6  157.1 -3.90 -0.063  30   0 14:18:14     45283.59504    0.0000  2024/01/24
 0.0000000  4998.0000000   19.0916   6491.278 0.078  -22.1 -169.6 -3.86 -0.062  30   0 14:20:59     45283.59695    0.0000  2024/01/24
 0.0000000  4998.0000000   18.8475   6491.264 0.064   29.3 -133.5 -3.87 -0.062  30   0 14:22:56     45283.59830    0.0000  2024/01/24
 0.0000000  4997.0000000   17.6268   6491.086 0.071  -84.7  -64.1 -3.88 -0.061  30   0 14:28:15     45283.60199    0.0000  2024/01/24
 0.0000000  4997.0000000   16.8944   6491.092 0.099  -75.2  -60.9 -3.86 -0.060  30   0 14:30:11     45283.60333    0.0000  2024/01/24
 0.0000000  4997.0000000   16.8944   6491.050 0.048  -46.0  -90.6 -3.84 -0.060  30   0 14:32:31     45283.60494    0.0000  2024/01/24
 0.0000000  4996.0000000   16.4061   6491.042 0.067   41.8 -121.2 -3.84 -0.058  30   4 14:37:14     45283.60822    0.0000  2024/01/24
 0.0000000  4996.0000000   16.6502   6491.064 0.032   13.5  -82.3 -3.83 -0.058  30   0 14:40:39     45283.61058    0.0000  2024/01/24
 0.0000000  4996.0000000   16.6502   6491.006 0.045   23.7  -77.9 -3.84 -0.057  30   0 14:43:26     45283.61251    0.0000  2024/01/24
 0.0000000  4995.0000000   16.4061   6490.983 0.054  -45.1   18.1 -3.85 -0.055  30   0 14:49:23     45283.61664    0.0000  2024/01/24
 0.0000000  4995.0000000   16.4061   6490.997 0.060  -30.3  -14.0 -3.82 -0.055  30   0 14:51:28     45283.61808    0.0000  2024/01/24
 0.0000000  4995.0000000   16.4061   6490.875 0.091  -31.5  -30.3 -3.80 -0.054  30   0 14:53:19     45283.61937    0.0000  2024/01/24
 0.0000000  4994.0000000   16.1619   6491.051 0.075  -34.4  118.4 -3.81 -0.053  30   0 14:57:15     45283.62209    0.0000  2024/01/24
 0.0000000  4994.0000000   16.4061   6490.973 0.063   23.1  -15.2 -3.77 -0.052  30   1 14:59:36     45283.62372    0.0000  2024/01/24
 0.0000000  4994.0000000   16.6502   6490.940 0.050   31.4  -33.7 -3.77 -0.052  30   0 15:01:51     45283.62528    0.0000  2024/01/24
 0.0000000  4993.0000000   16.6502   6490.887 0.046  -85.2  -83.8 -3.76 -0.050  30   0 15:09:01     45283.63025    0.0000  2024/01/24
 0.0000000  4993.0000000   16.4061   6490.982 0.044  -23.8  -89.6 -3.75 -0.049  30   0 15:11:22     45283.63188    0.0000  2024/01/24
 0.0000000  4993.0000000   15.9178   6490.991 0.034    2.9  -79.5 -3.74 -0.048  30   0 15:13:15     45283.63319    0.0000  2024/01/24
 0.0000000  4992.0000000   15.1854   6490.956 0.059  -45.6  -76.4 -3.76 -0.047  30   8 15:18:01     45283.63649    0.0000  2024/01/24
 0.0000000  4992.0000000   14.9412   6490.891 0.055  -24.5  -53.1 -3.76 -0.046  30   0 15:20:07     45283.63795    0.0000  2024/01/24
 0.0000000  4992.0000000   14.9412   6490.958 0.055  -16.9  -64.7 -3.76 -0.046  30  14 15:21:55     45283.63920    0.0000  2024/01/24
 0.0000000  4991.0000000   14.4530   6491.033 0.471  -77.6   -1.7 -3.79 -0.044  30   0 15:27:05     45283.64278    0.0000  2024/01/24
 0.0000000  4991.0000000   14.4530   6490.993 0.081  -15.5  -56.0 -3.78 -0.043  30   0 15:29:09     45283.64421    0.0000  2024/01/24
 0.0000000  4991.0000000   14.4530   6490.928 0.056    5.4  -68.5 -3.78 -0.043  30   0 15:31:03     45283.64553    0.0000  2024/01/24
 0.0000000  4990.0000000   14.6971   6490.874 0.025  -38.9  -24.3 -3.79 -0.041  30   0 15:36:53     45283.64957    0.0000  2024/01/24
 0.0000000  4990.0000000   14.6971   6490.863 0.051  -22.0  -13.9 -3.77 -0.040  30   0 15:38:49     45283.65091    0.0000  2024/01/24
 0.0000000  4990.0000000   14.6971   6490.921 0.035  -10.7  -20.8 -3.76 -0.039  30   0 15:40:47     45283.65228    0.0000  2024/01/24
 0.0000000  4989.0000000   14.6971   6491.164 0.112   -8.7 -169.5 -3.78 -0.038  30   0 15:46:20     45283.65612    0.0000  2024/01/24
 0.0000000  4989.0000000   14.9412   6491.397 0.093   39.5 -248.2 -3.79 -0.037  30   0 15:48:27     45283.65759    0.0000  2024/01/24
 0.0000000  4989.0000000   15.6737   6491.335 0.073   54.2 -203.0 -3.80 -0.036  30   0 15:50:29     45283.65900    0.0000  2024/01/24
 0.0000000  4988.0000000   16.4061   6491.026 0.065  -76.5  -83.0 -3.82 -0.034  30   0 15:56:57     45283.66349    0.0000  2024/01/24
 0.0000000  4988.0000000   16.4061   6490.978 0.206  -77.2  -77.3 -3.81 -0.033  30   0 15:59:07     45283.66499    0.0000  2024/01/24
 0.0000000  4988.0000000   16.1619   6491.022 0.170  -75.3  -24.5 -3.81 -0.033  30   0 16:01:43     45283.66679    0.0000  2024/01/24
 0.0000000  4987.0000000   15.9178   6491.157 0.035  -93.4   78.3 -3.83 -0.031  30   0 16:06:49     45283.67033    0.0000  2024/01/24
 0.0000000  4987.0000000   15.9178   6491.083 0.038  -63.8    5.9 -3.81 -0.030  30   0 16:08:59     45283.67183    0.0000  2024/01/24
 0.0000000  4987.0000000   15.9178   6491.027 0.258  -16.1  -30.4 -3.80 -0.029  30   0 16:11:13     45283.67338    0.0000  2024/01/24
 0.0000000  4986.0000000   16.1619   6490.977 0.031  -63.0  -42.4 -3.85 -0.028  30   0 16:15:06     45283.67607    0.0000  2024/01/24
 0.0000000  4986.0000000   15.6737   6491.164 0.095  -25.2  -62.8 -3.79 -0.027  30   0 16:17:25     45283.67768    0.0000  2024/01/24
 0.0000000  4986.0000000   15.9178   6491.119 0.058   -5.0  -70.3 -3.78 -0.026  30   0 16:19:13     45283.67892    0.0000  2024/01/24
 0.0000000  4985.0000000   15.4295   6491.230 0.110   85.0  -52.3 -3.79 -0.025  30   0 16:23:22     45283.68180    0.0000  2024/01/24
 0.0000000  4985.0000000   15.1854   6491.148 0.200   76.2  -43.0 -3.77 -0.024  30   0 16:25:30     45283.68328    0.0000  2024/01/24
 0.0000000  4985.0000000   15.1854   6491.055 0.181   60.6  -35.0 -3.76 -0.023  30   0 16:28:44     45283.68552    0.0000  2024/01/24
 0.0000000  4984.0000000   14.4530   6491.093 0.084  -56.6  -54.9 -3.82 -0.021  30   0 16:33:26     45283.68878    0.0000  2024/01/24
 0.0000000  4984.0000000   14.4530   6491.299 0.084  -54.1 -132.5 -3.77 -0.020  30   0 16:35:31     45283.69022    0.0000  2024/01/24
 0.0000000  4984.0000000   14.4530   6491.196 0.092  -42.0  -86.8 -3.76 -0.020  30   0 16:37:18     45283.69146    0.0000  2024/01/24
 0.0000000  4983.0000000   13.9647   6491.121 0.192  -49.3  -20.4 -3.79 -0.018  30   3 16:41:20     45283.69426    0.0000  2024/01/24
 0.0000000  4983.0000000   13.9647   6491.187 0.126  -24.6  -12.2 -3.75 -0.017  30   0 16:43:21     45283.69566    0.0000  2024/01/24
 0.0000000  4983.0000000   14.2088   6491.138 0.199  -25.6    5.6 -3.75 -0.017  30   0 16:45:18     45283.69701    0.0000  2024/01/24
 0.0000000  4982.0000000   14.2088   6491.148 0.082  -70.5  -40.9 -3.77 -0.015  30   0 16:50:02     45283.70029    0.0000  2024/01/24
 0.0000000  4982.0000000   14.2088   6491.169 0.148  -21.8  -54.0 -3.74 -0.014  30   0 16:52:07     45283.70173    0.0000  2024/01/24
 0.0000000  4982.0000000   14.4530   6491.189 0.055  -13.8  -62.4 -3.74 -0.014  30   0 16:53:32     45283.70272    0.0000  2024/01/24
 0.0000000  5000.0000000   13.4764   6491.401 0.052  -53.4  -30.6 -3.58 -0.003  30   0 17:19:49     45283.72094    0.0000  2024/01/24
 0.0000000  5000.0000000   12.9881   6491.433 0.045  -40.9  -18.1 -3.54 -0.003  30   0 17:21:37     45283.72219    0.0000  2024/01/24
 0.0000000  5000.0000000   12.7440   6491.471 0.043  -51.7  -17.0 -3.55 -0.002  30   0 17:23:28     45283.72347    0.0000  2024/01/24